0.0 6.766065089800025 6.68934713448574 6.609666713000381
0.0 8.342903334874967 5.3448714549160306 1.8333609644915905
0.0 7.109621522891473 5.80934392267433 5.722069085742804
0.0 6.679621086212421 2.532007647110548 2.9684157756203042
0.0 4.085394956346461 1.2497294139309334 5.044485348441697
0.0 2.9679593616353053 5.270023976723217 2.8411376462310143
0.0 1.7787866602094926 4.748694493674073 9.14455632653542
0.0 9.060953135541855 9.299727165998931 7.337052092863978
0.0 0.3857256093646444 1.7973707768144709 6.842118353294189
0.0 0.5927526213820189 0.14677030620762976 7.804079904360418
0.0 3.1340021999333176 3.5015192029105946 5.516990037797519
0.0 2.793708116690513 4.7984534700544295 9.35527721984085
0.0 4.125088261180403 3.7195604188730225 6.562529710227423
0.0 6.976634792726804 6.756476925246505 8.27061651839013
0.0 4.8007700068423 8.52139994394757 0.4348040249883067
0.0 1.5129537851049801 6.301979951801819 7.3323367474846135
0.0 8.060532420835374 7.081464712480413 3.571859629623014
0.0 3.8193238744650326 8.404488407667586 4.358942699160328
0.0 6.4703664187317145 3.405522175129235 2.021866177516621
0.0 3.675310113773862 7.53152846896996 8.206119949008382
0.0 4.48226079674615 8.71797027931459 4.924755161474879
0.0 3.2956716697194532 8.203873041960684 9.064963229358447
0.0 2.690518288397853 9.17200377890087 8.135114509376507
0.0 6.0358115790964675 2.619603896553776 4.339108734782168
0.0 4.544413411759528 1.900644506650211 5.94396687357941
0.0 5.808407550402452 8.259104694186481 5.896392254000812
0.0 5.868544410445752 0.7572104249154099 9.836862865285298
0.0 0.46954372855143145 3.89721490433815 9.585157722753882
0.0 4.358214175186394 7.698167189751464 3.892417922386089
0.0 9.173880830778685 7.796246624180694 8.941594484236136
0.0 7.856774357166621 5.282071209882869 9.249708196975906
0.0 0.4243705961808264 6.53638026059907 4.697599516897255
0.0 5.718268187223083 3.6817788145349972 6.1192714371097345
0.0 1.0202844089995577 2.553790408851163 2.5774504491505423
0.0 9.538885250063165 2.763356909948218 3.239046130917098
0.0 7.9492707606452715 7.1911749889431675 8.838624857201488
0.0 6.725374250805115 6.848001243271772 7.235360558622254
0.0 4.429791652681445 9.203371917330568 5.803734287666877
0.0 0.07212316296909438 9.760339953821026 9.885779769341635
0.0 6.588505181134591 5.079388944403192 5.326839015416808
0.0 7.149300394848604 8.53908677038184 0.23466204207403862
0.0 9.795494243269026 2.212170845660202 3.6621953892760106
0.0 6.864207735741283 0.9492050077416936 2.416885608843221
0.0 9.465040905075 2.433207440749172 5.824349472590279
0.0 5.142543534684018 9.737354937380584 4.027335686777896
0.0 3.490978337088324 6.388875172555273 5.356737352400338
0.0 3.975042465130767 2.807035714734819 5.154078485831544
0.0 5.597361153123815 6.921144584785931 7.916693292192928
0.0 5.8711746975989705 5.392780453550085 4.586165397522395
0.0 6.264832018591635 6.372670751707574 5.536790871797475
0.0 0.43218482689318605 7.464153090413074 8.120895012845143
0.0 0.9019904423181413 1.504795502567584 6.478364653271404
0.0 8.77144854000348 6.413897677748931 8.832078542463233
0.0 1.2743311627477805 4.529795682750248 1.7391829306930429
0.0 0.9353564594351294 3.3480364157958133 1.2160933952188857
0.0 3.42977282796594 7.242791788483811 9.343657754868326
0.0 8.470936138276993 7.6102909532170795 9.495742260470958
0.0 3.362000955638739 1.1147758241860473 7.204503820565392
0.0 9.599100809832699 2.4940086474521195 5.316347111909715
0.0 5.167137591032053 1.7906849081497067 2.6169919344923787
0.0 4.9305156482594645 9.220642522034884 5.491061731102674
0.0 7.555705236772704 5.133534807497428 4.1921775155863035
0.0 2.7440297193553906 2.3373231353719692 6.313783554843653
0.0 5.204295847410157 0.7692977032800463 0.4588409161931195
0.0 1.068631315991626 8.693514504347997 5.822738686411421
0.0 5.83736851986831 1.1131535036506235 8.514149789650165
0.0 9.295917565824158 2.4282432230331032 8.924003335282643
0.0 1.230511256842557 0.7854252451977461 8.37283678303982
0.0 1.021819554633544 8.10874150602634 5.723873863460439
0.0 6.977389299160549 5.93812994848688 1.290301171062448
0.0 7.088241570327611 3.8261523104797543 0.11778893365653409
0.0 8.162290630316868 1.6875794191350146 7.896580180970015
0.0 9.275564275603527 1.035517290980087 1.5809245044365672
0.0 4.671255075393593 1.0555658714225047 8.899402954000625
0.0 0.2875879927634817 0.9306943728251282 7.234791317514977
0.0 4.243548904775974 1.625816696702036 4.163132050774418
0.0 0.16713527500421654 0.7189583157937973 6.252157109634746
0.0 4.341825698087003 8.681792411407057 6.75763869483281
0.0 7.272672857442162 2.1973920039590755 3.23006128904109
0.0 6.17749502316002 1.6585020898754377 6.052123423113967
0.0 8.71713092626322 9.27013412285738 8.622064351151007
0.0 8.785198111298122 6.16051464882431 6.9024059978982955
0.0 9.596555116004836 7.562143597162408 1.0843716291655814
0.0 5.758203641500959 7.010197026707813 1.5888678015306623
0.0 7.389035165153505 5.005254126562142 0.6580421697819294
0.0 7.34002744290566 0.3276436571912189 3.3923311923226085
0.0 1.1479496211587037 6.463455085161028 1.176850321239068
0.0 1.0655241684826255 9.633689216682967 8.876815815006546
0.0 9.206163921479115 2.2379030832390145 1.8469511375814462
0.0 2.4496266410735332 3.6305546078998763 3.2551208628170727
0.0 2.3013712887749604 1.1032141458501976 9.373529015611025
0.0 5.570196458474274 1.4655050549722914 5.163145055037063
0.0 5.672968416662128 4.673927532658096 4.6880165148757635
0.0 1.3631205466572482 5.829590890259748 4.123083826682316
0.0 6.7071748218577625 5.026268469679033 9.727984022735434
0.0 8.466734604107288 9.688076588097822 3.6392296204388677
0.0 8.152728613079002 0.09176710708632241 5.904844526540741
0.0 9.286385330492667 9.377214571745506 2.7918564361675537
0.0 8.421378476381024 7.226022196322158 4.020326781922622
0.0 9.209851263465264 4.423063309725021 9.26719013469585
