0.0 4.540057044243783 0.4264915536677205 2.4784543591862125
0.0 2.9968067257169295 0.8471652712815808 2.098607636710499
0.0 3.88283653553001 4.204281190818566 4.402152645013327
0.0 0.4255505800371251 1.9123980877010633 4.630309997102601
0.0 2.9870961437366135 0.9544673394599351 1.0619132304570944
0.0 1.792030640768163 4.964548073025757 4.8221206445740235
0.0 2.573030276408439 2.717214985862677 4.176500336654401
0.0 2.932290733645044 3.1460084425467882 4.162322259246529
0.0 1.9931641062712857 4.391642354532867 2.462725201982749
0.0 4.8619215109727145 2.960692646845608 1.1280375761328598
0.0 1.9295504714919043 3.728092188602531 2.1424821500617197
0.0 0.8935976192698486 3.772323374588286 1.3998597961782278
0.0 0.3004416033252233 3.789382197373416 0.24554538121660308
0.0 1.1804138399085584 2.520636098976603 3.039379593909219
0.0 2.2540381801736635 4.193806476579601 1.7519582266094353
0.0 3.9885699942782664 0.12769853647778495 2.5430216156555026
0.0 0.9969958896306075 1.2031426070497764 1.6386127918820226
0.0 3.357749987096553 1.5710202896845322 2.1105205584857667
0.0 3.6046778096358825 0.8829028193573157 4.928025285599097
0.0 1.8326658455225986 3.5850093936563745 3.1778402839462574
0.0 2.0420090806154723 2.738208055840645 2.239798312066384
0.0 4.571486863806726 2.227194368302717 3.7672593724311003
0.0 4.900911138618192 4.749951386890581 2.5826432849804117
0.0 3.767351279681193 2.7794119505769546 0.24096411209979463
0.0 4.95472953595829 4.919745320161923 0.02231787947024999
0.0 4.103389122936252 4.4251896330549485 1.8324437329912902
0.0 2.523280284944052 4.830265288563127 1.8529803295568537
0.0 4.029544659989975 2.9905182169172653 0.8302749806820986
0.0 2.9249312418949867 4.376155454205436 4.280215141773912
0.0 2.365233234907897 2.503184733136155 3.4439021291958216
0.0 4.41471782302118 3.490138269732657 0.7966764637387141
0.0 4.94413750051754 2.0222654980546997 2.367516942916107
0.0 2.029416327874833 0.13427804093808893 0.1586052071272187
0.0 4.309245594474249 1.8300877925192016 4.537260617217147
0.0 4.600733338718255 3.036720868329032 1.5254910357208047
0.0 3.4049415322029524 4.739138271291724 1.944202034554094
0.0 0.8846132301261828 3.1033192676741446 1.1372991994995196
0.0 3.6003394944961946 0.6306176888978704 4.00079326726823
0.0 3.6758296563511648 2.329352110035981 2.2148005955310883
0.0 1.5002320682079073 2.953539093583679 1.4760084740741652
0.0 4.929572060901072 0.5714515932105663 0.2788147843568545
0.0 3.877514439285333 4.426776843137778 0.5127703612554724
0.0 3.152113645087814 1.1406045897606254 2.1031762483919585
0.0 0.6986310217100455 3.6139826474244408 4.5535791733855655
0.0 1.6166727617143195 4.754845784810169 1.2129109416025958
0.0 2.850724707512999 2.0048642689500866 4.943846400381332
0.0 0.6334509017898182 4.590501407333408 1.4917749340037711
0.0 0.5393875657169367 1.2174241151053256 0.6090754044435331
0.0 2.0891157268389953 3.623472504702454 1.7096664719605181
0.0 4.867219912585431 2.525186185186053 3.047842667222815
0.0 3.564644828193717 0.021304152645303942 0.8675378529494487
0.0 2.2681906628839026 0.06141259045487013 2.218034055927302
0.0 3.4447749474256604 4.381327469459197 1.2917548297917314
0.0 2.9378047469694 3.3183783298717335 2.9738546406936495
0.0 1.810004334834766 4.192969553089618 4.607196072528928
0.0 0.325464150507222 3.362895378919441 2.025025809098098
0.0 3.4252490965010822 0.10080520065947507 4.653952656201742
0.0 2.0386634261373526 2.0577635571984616 4.91093257013836
0.0 3.5392968124369464 4.660815763739438 0.2708428353228698
0.0 0.028666493986797548 4.4003801157022036 1.9193011599896381
0.0 1.3269562600452671 3.1017684769486937 4.694049582723341
0.0 1.7983343486338144 0.36142378964485466 0.9236541839011253
0.0 4.8414669448540915 0.6471361663266106 4.264338527709394
0.0 3.1934389527376537 4.68479699229109 3.693062601334774
0.0 0.10787316105990208 4.725426931384302 2.7142109070111524
0.0 3.4421220542955306 3.4606763994676792 1.7527287088174264
0.0 1.1476316591019624 0.6374417197307591 3.6390717402348516
0.0 4.8105129674059155 0.7317816246867614 2.4901918023335283
0.0 0.059030972403303905 0.18146431105479255 3.825477764977146
0.0 3.097672925534507 2.3733991644921786 4.039342823825494
0.0 2.924749385533474 1.3197112385282446 2.0056100062976716
0.0 3.236112146252894 4.294238028876728 1.897209659029414
0.0 4.0241330885794735 4.14391812167461 2.7804719601738115
0.0 1.2656412591098332 1.0411590150431875 1.0852777654682266
0.0 4.199989208327599 0.3414716638492771 4.964527997369521
0.0 3.66315020845644 0.9189182153326397 2.5409385394284945
0.0 2.983673557036805 2.7371402189490763 4.370505182533698
0.0 1.4283149350368207 1.1283551959995446 2.8828975373435206
0.0 0.29321194370793724 3.684726000514244 2.1032129655245404
0.0 4.918851141706176 3.414391010665704 4.538786008823251
0.0 3.8716866491717594 0.4877346485886619 3.1531756253528926
0.0 4.406765058000167 1.6395977156445558 1.7399306770327745
0.0 0.6711072796344125 2.252694232098102 3.4717011131328257
0.0 2.8814828008697684 0.2601557911196839 3.0977595381484684
0.0 3.763771525955781 1.7216913008364931 4.625167054510731
0.0 4.183531421334204 4.18829675942338 3.3835343305725547
0.0 4.091412049870772 1.5250243680947262 3.5336087148190436
0.0 0.024720330248571565 4.1477864222771545 0.9772713195912341
0.0 1.0642894417204085 4.758002090583512 4.022349624615805
0.0 0.4830487387851745 2.6449492132692756 4.956453259707046
0.0 1.1792699362452663 2.8695793416968596 4.889979202988771
0.0 4.782723923181646 2.724878018073524 1.4184854693649966
0.0 0.02864156848125521 4.090868670726573 4.715412510617696
0.0 3.4459646064470166 3.0078651055872574 0.8151551204761687
0.0 4.270175764575466 0.2990981713905 2.5943752591332725
0.0 1.5823352566766113 2.211197843183256 0.4994053047178676
0.0 4.883291018798372 0.5621793112664025 0.6741437025463359
0.0 1.2461967122773754 0.6720845566692119 4.505644130219359
0.0 0.7650763684869133 2.1299772044097063 2.616801813127858
0.0 2.510868380838192 4.873827208765601 3.7000937311978896
0.0 3.951703577382824 2.3042549058195076 1.6971021861639768
0.0 2.4810196566237193 2.8239932291425376 0.7272241350001624
0.0 4.373089046334193 3.1381110304585826 4.972055094600798
0.0 4.678790103334617 3.384212078538849 2.756366855082211
0.0 2.558634981951175 4.979932054103807 1.0458138263444354
0.0 1.6146695268938922 3.4596538362225937 4.497805955316229
0.0 3.4659260994306367 4.413178228905465 3.2048496612917807
0.0 3.3961577249352555 3.8349256234183637 0.6429924431240547
0.0 1.0682059800768728 3.562873158202162 2.7837521404608108
0.0 2.674897844171305 2.5141271745945835 1.1064189411788377
0.0 2.3354997078596456 0.18795397034947592 2.3195843430067025
0.0 0.30999747542233336 4.667575186151008 4.75887471996669
0.0 1.2129577772718174 4.585563203523515 0.5002496738139667
0.0 3.7896036413234713 3.797064142640116 4.779412205229535
0.0 4.432312956301004 3.463174493150939 1.8568634003506646
0.0 2.646882976812935 0.955671708494038 1.086898831440084
0.0 4.891595661261437 2.4357731290826807 0.19811853517624933
0.0 3.00711482182765 3.8566096118953297 1.2963982490456882
0.0 1.667126276035709 0.2611754403143679 4.651899845579974
0.0 4.670788363175854 2.397411946765309 0.27005484998623097
0.0 4.852378555633941 0.9043405750187505 2.941139519834895
0.0 4.16888891102152 0.5391650717095192 0.07031242508909519
0.0 0.5820214619011232 0.8229704900107221 4.8616850169717445
0.0 0.40086610051103366 4.0032048431963165 0.18315649618901308
0.0 1.1371271976004504 1.7779375714535983 2.393715888701264
0.0 0.39734647881619456 0.8768159970591793 4.453032457605184
0.0 4.639366413350206 0.01363214579716443 1.1183139262056048
0.0 2.5371129479530516 0.8114095634436802 3.685916703540086
0.0 0.8375757588317984 0.8300680328729265 3.639865607461533
0.0 2.024245037640986 3.0172360114036456 0.24382263314994546
0.0 2.038320511022156 3.6197836407900406 2.155117135472544
0.0 1.4139666736298566 2.0331318849175832 4.818332790032631
0.0 1.6113042065456173 3.091853899769525 2.6423638273740835
0.0 0.516448815157558 1.212640506419801 1.5624377123423843
0.0 0.3483983222074738 2.1107016070430817 2.9602552699593865
0.0 4.642687557241198 0.8130609392892979 1.7432848602286803
0.0 1.5187420881885105 3.781243443070154 0.39522519457749095
0.0 0.15614376256304296 1.404867529152477 0.4020406933016729
0.0 2.8482468312454863 3.7909809015365274 4.439191790287771
0.0 2.912955531901476 3.2982105369242385 0.25394322061846497
0.0 4.075747045620929 3.7350934176893325 2.2338544418156903
0.0 4.901492328974637 2.682922618778334 1.2991603718496303
0.0 1.7751701367869006 0.097902145153555 3.7129655898098384
0.0 0.20243137859732585 4.93006074073211 2.645025970310757
0.0 2.9680134051224423 3.623145795490136 0.897068611362522
0.0 3.991418239899926 1.847332548467386 0.6487344255690786
0.0 0.7270727578291658 2.0905926646426383 0.5434446449481539
0.0 2.390099863612019 2.817981376449511 3.197144442198947
0.0 0.6440807445922381 4.62624352477986 1.7838361005461478
0.0 1.4646571671012754 4.492409932185747 1.251853435358015
0.0 2.2133697180367937 3.9407629603056122 2.9597487019980355
0.0 1.9850362631351675 0.712947546720793 3.442418463977334
0.0 3.992963704520911 4.633196977356405 0.41495127038834345
0.0 1.8384038741893738 1.4130390739245424 1.712142935370879
0.0 1.8250518279154204 1.4662499452884696 1.9617867797939743
0.0 3.3668036525955554 2.480444125279883 2.7672398795783417
0.0 3.5204365500301362 3.351534705425924 0.39600549385856
0.0 1.7358315826407178 3.756850511048542 2.2937893328083887
0.0 2.6864691486645653 1.4487889971371097 1.1973639553668276
0.0 2.5870134893395313 1.0700868929095337 2.7645059808403296
0.0 4.86476182216978 2.0369413888533168 0.1828897352528258
0.0 0.2644558206962383 4.175660339960231 3.820036801830253
0.0 2.762535941439874 0.6463874336241054 2.7485683499408955
0.0 3.4036472381350027 2.7968707088096583 2.0728427911475227
0.0 3.1381607784240533 3.8245078471081566 3.674702828797756
0.0 4.428758124391691 4.281808077873493 4.125553050688273
0.0 3.2249378710816075 2.0483628522340385 4.621158586240571
0.0 1.810561749144517 1.2850886974499798 2.234280192525937
0.0 1.4445811602713725 3.891986014407226 3.1013192738573747
0.0 4.810684118032331 0.9855337327030989 2.479380101848439
0.0 3.4295577057379805 0.027556427827384877 4.207428210124698
0.0 4.884168810156429 1.6808495308098148 4.364539435724754
0.0 0.007325363184189637 4.901064324592814 2.8340038481185568
0.0 1.170570139041231 0.7787939041341296 1.2672594364759215
0.0 2.12471813186451 0.619429499055475 4.888532844024914
0.0 1.2975992212280785 3.7127513070264335 1.161535655151219
0.0 1.6418593961508665 2.3472468600091716 4.62734371004205
0.0 2.5087534764023305 1.7389239505141252 1.062938606383586
0.0 0.2959722700228762 3.201691160258809 0.056522653102520914
0.0 0.34973373146764297 1.8726542176908234 3.977896516663212
0.0 2.829633232895647 1.6022434658724931 3.3994012471378277
0.0 1.4845639423646673 2.9523099439204508 0.02763787260692041
0.0 3.5580563404148684 0.3608060479794989 0.16933100626452868
0.0 3.8223038071948006 2.3996282201949324 0.3522406136875794
0.0 2.387997632791362 3.554843364246119 2.9743728017619686
0.0 3.914588430416497 0.2037445464270904 1.3551769393815478
0.0 1.2282514099133586 3.7131727181139778 4.003727544501735
0.0 0.4128320839887617 4.880030998735256 3.5316565737717887
0.0 1.689312272862042 3.8470707677244858 3.2481719553228956
0.0 0.36604942659640316 0.1413959845204349 3.227328274563277
0.0 0.15778352109157123 4.89896019339017 0.041752612616089424
0.0 0.8945065190148643 1.1253099129288175 2.1242679968644103
0.0 1.5590977816900247 1.7619861346245465 3.9922406044756564
0.0 3.6238296504322087 2.7103292575938998 4.459789594594366
0.0 4.0590246524739495 2.88553418255399 2.915406963541161
0.0 3.5261518580946567 0.5564981623443815 0.09596531024540222
0.0 1.3785920131313323 3.8478206199089366 0.9845198390453963
0.0 3.041122709325463 3.449274798801233 0.7037323863113626
0.0 3.4461402173842854 1.1051025084682253 3.0423777442795314
0.0 3.5762790759059393 4.610514327486927 4.86933004032882
0.0 0.53132745041098 4.3602005481759845 2.3488988185830877
0.0 4.483884542803774 3.2658493138371867 0.7212087124918543
0.0 2.4054606862335004 0.807650256391626 0.01234281878025989
0.0 3.134769187845365 2.6882515685100556 4.295474189875217
0.0 1.1663566832824324 4.570037315655458 1.8955924157586002
0.0 2.7482051184484613 3.5446896754134665 4.874764513953161
0.0 1.2292381705852407 0.3354352337772071 1.9288987784468337
0.0 2.664062375406608 3.8880806474282927 1.75095977088638
0.0 4.302508852900285 0.9192313816637987 1.8847781698021449
0.0 1.9674155860696385 3.9009695087719853 3.562432655685238
0.0 3.482582542792665 3.8192558611305145 3.7764190326087377
0.0 3.9887995121985718 2.2107699183264193 2.562162328987911
0.0 3.5685681438659995 2.9096578466900653 4.984461098774375
0.0 3.6321920067752633 3.568526933329112 1.8888439199307556
0.0 2.328252380641599 2.0594011929386644 2.9641552382791083
0.0 0.6386773066099821 3.0829597336249637 4.378384167896183
0.0 2.3635244049528263 0.4829700790582364 4.2609118585741514
0.0 1.4221103902732084 0.30733620811373985 3.3915192908966607
0.0 3.907610949326717 3.0856368616763863 4.501653310769003
0.0 0.6438548275234535 0.9262132019591779 4.002721502672127
0.0 0.9290522230192583 2.489581191773633 0.8261613649765609
0.0 2.0910553555438667 2.8293185790473374 0.1384743970059149
0.0 0.26843903814226244 0.09077708336296564 1.780061672026712
0.0 4.035563638983561 1.097294018704587 3.54613212288646
0.0 4.753132952446148 2.6547509764390202 1.2719156547562194
0.0 2.1615775597457656 4.0744920530383055 3.979087457099959
0.0 0.741429301341125 0.10133698973568861 1.6731708729348538
0.0 2.426649384140967 4.842708882703735 4.595347805453509
0.0 4.8692434210114675 2.228026740186997 1.2428859036727031
0.0 1.1647432506578248 3.2212176757258844 4.164753952159867
0.0 3.7970708117059315 2.8864554831345144 4.630025740596726
0.0 1.1375885665026892 2.9466827307188708 0.3792203370834091
0.0 3.9797903005594595 4.249358203751231 2.4449170718162456
0.0 3.6122114152251172 4.084810942993144 4.959170267096197
0.0 1.2632633511347457 1.2127249065316337 1.6077149860310964
0.0 0.39309783736988624 2.506618307227378 2.680783599711947
0.0 4.9154800583766605 3.0810254042938956 3.0444234508835155
0.0 3.806221345742755 1.548040353226558 3.230158219737065
0.0 3.351385016977177 0.6277572515676122 0.08844790004572223
0.0 1.1427707522823594 1.7437240886295646 2.473762848369783
0.0 4.744068326868948 4.539087981698918 0.7955286065702233
0.0 4.980869767397169 0.8750460814214983 0.3557649514951644
0.0 1.2246706632028985 4.499264172001332 1.0392848392684595
0.0 3.056250254713327 4.94887845842035 0.9624541488191957
0.0 3.862445165666419 1.6113890055961988 4.329938788710718
0.0 2.124498017477834 2.1869689282304714 0.0869413162890098
0.0 3.847637604360547 3.0491207134414156 2.505898256427347
0.0 2.209262012228295 3.5749292600738967 0.8728452039504314
0.0 4.645265415215064 3.371209858594439 0.8619572924131924
0.0 1.1582091760914626 4.02308604715617 4.287421290491492
0.0 2.578933043793878 3.603331364955708 3.5834982475346178
0.0 3.9114072073541024 0.1165119507329121 1.4805417859795282
0.0 3.681345302237997 0.2864998865378182 3.0971869493587514
0.0 0.9394790351039689 0.7755095791238614 1.7184988367761038
0.0 0.41235644278981853 3.2290090436599117 4.778562538266179
0.0 2.029931402557849 3.767101772910774 4.967509976069707
0.0 0.305802455980001 2.6841705251137715 4.388345738348015
0.0 3.8225190187443534 3.868512010220811 1.2522139757059536
0.0 2.9319444999066606 4.348424786089709 2.2642709514614867
0.0 0.03575834176527681 0.9103989315600308 1.2748420530044957
0.0 2.031422788375075 0.6572645815852807 4.155254234977468
0.0 0.23849460440455494 0.8552975174411104 0.08103525172039217
0.0 4.926888811066258 3.8078814600344053 4.240552205293845
0.0 0.8388952280690587 4.289276165181292 3.6626943017818174
0.0 4.596999496603939 3.1998840125461263 0.27843857814391915
0.0 2.958901670834391 0.12555012347277572 4.6454418042973575
0.0 0.21069043088788375 1.2356082805193547 2.536405642219953
0.0 2.2898897085139085 2.2004055394372415 2.7012454423154226
0.0 0.6833933518919572 1.8205763683149017 1.5869221103864661
0.0 2.374341665081169 1.6563442554057795 2.1228810382665197
0.0 2.5063354937288223 3.348070795774416 1.7376726131227076
0.0 3.002336208639391 3.2863088571797117 2.397966181371948
0.0 1.899823599940869 4.319452769304864 1.6906657393858153
0.0 0.25863948860422203 1.197012171572539 3.4123978182698185
0.0 2.2954113157209917 2.158033692067317 1.4876866144344398
0.0 3.8985010461430862 3.4389618748041464 3.6166879470588915
0.0 3.413404636265575 2.817630122252611 0.25674512698493857
0.0 1.0946870212820203 1.4553210661962745 4.6088012459502075
0.0 3.283965908702437 1.800411383003866 0.1912413095137827
0.0 4.595955954131854 3.990216259614248 1.8629014457749993
0.0 4.584205117698032 1.4996609998493655 4.395739548737261
0.0 2.1135941458871503 4.2478193655305 2.9885539244801524
0.0 2.611542464093395 0.923385182121983 0.1540716478994375
0.0 0.4376792285328235 4.744182532224283 3.8974151329630553
0.0 2.176107832216439 3.8704321727808813 1.110938897654787
0.0 0.7426736254119665 2.1914710385556857 0.5266422084889949
0.0 1.1222083400678935 0.29246149526907517 0.2105525053296653
0.0 0.6214051400300091 1.5053531388067287 0.49694473757561974
0.0 0.1405140168939878 1.6375879272815959 1.7678565243845346
0.0 1.1704806917332973 2.346702178051662 2.929503400465026
0.0 3.9275273039125915 3.424090750683937 2.131576239179447
0.0 0.5060708990171542 0.5736261888436012 1.0054026760496955
0.0 1.6154369484603244 2.6088502602394605 1.2651708828357262
0.0 0.21857414211870485 2.2737450517182096 0.10365687304874804
0.0 2.121308101324686 1.7031636470560996 1.5625792370355673
0.0 1.7640336340814962 2.213524353012415 4.113600923537645
0.0 4.646790896129033 3.2406804638689666 3.0306000151679378
0.0 1.6598617688947914 1.2346698040773978 4.883006646984861
0.0 3.8545949165403126 4.54514236703255 2.9184433111434824
0.0 2.607296439091573 1.3597839824679214 3.567777074001487
0.0 3.2216898089440758 2.6905467013162925 1.1263469155891659
0.0 2.542336012481994 0.7627537369955695 0.7098546014839102
0.0 2.046748261283886 4.738786513996194 0.5575092265863585
0.0 1.8443057485825853 1.7951253277419321 2.2387966697150077
0.0 4.505325260925569 4.409632168446288 2.628635170667126
0.0 4.964704322612033 4.528844190654469 0.8054807984363838
0.0 1.7945970944943679 4.149370457408576 0.6711926646988187
0.0 0.020951834013955284 4.7283945523990205 3.184081598714866
0.0 1.6935034668950821 3.4661385590037104 2.0444888707857105
0.0 2.1068609159547176 2.361131087271983 1.1757194540307876
0.0 3.046526316755902 0.4749926285936934 4.6587060673214165
0.0 3.365223501882711 4.112403825373062 2.003260124461272
0.0 4.632177222301139 2.9114109924335194 4.846291991964652
0.0 3.1433432339320753 2.420250842173077 2.575281122481149
0.0 3.331997532785309 1.7300155355028213 0.3081428164873762
0.0 1.6895399498337276 4.17067618421487 0.9262285528818359
0.0 2.313318681791335 0.591928632021449 4.2407962944743565
0.0 2.961863110852966 3.8959017434981655 2.301638302350575
0.0 1.279380214824427 1.5798750563615633 1.8756908103825949
0.0 4.808102057913109 4.450936626047891 1.6787590736892055
0.0 2.533233287933709 3.8697792289021757 4.044129102194525
0.0 4.37169476579471 0.17416108433380761 0.4051141122367513
0.0 4.316108763913712 0.570441195777785 4.144000269120411
0.0 3.3986758097485907 4.290571882724026 1.2459855430872302
0.0 4.394926931892595 3.742550873717056 1.0079853496585567
0.0 2.7181501842433042 4.226446688110369 1.5863854273575273
0.0 3.3250582637114237 0.6828072444518019 3.7487369586345416
0.0 4.579041084135299 1.8654158730643604 2.1980434647878724
0.0 3.950392521840614 1.8506506623715762 2.1345715651612758
0.0 0.51956570898053 3.9915800417949185 3.7059279299509784
0.0 3.1296683673610093 3.5008315161826635 3.4891100125548897
0.0 4.777909656750635 2.9980998631893336 2.2548347088492955
0.0 2.1116934535995897 3.8258744651271663 1.4290001669643244
0.0 2.912169909713429 0.7616607528223374 1.4520055075225362
0.0 0.4977259997483141 0.6039492104130523 1.9836739053497605
0.0 2.758435265390957 1.6258379919525379 1.248334861469932
0.0 2.0114755673229707 0.369627029916178 1.1677185576330673
0.0 3.325898694717841 3.040472069880476 4.304624166072052
0.0 0.8898498773351593 3.5917176490821334 1.8969586151497997
0.0 3.899511310126959 2.269904502740003 2.591053476906877
0.0 0.26405093512174516 3.3525092953934554 0.11018842905652027
0.0 2.920666557609877 2.019895739393607 1.492439678683652
0.0 1.4336042141821022 0.40925504547356883 0.045490595291853286
0.0 3.0558684963598726 0.010188930616287228 0.7782073475992357
0.0 3.0674506856815316 3.0990593500587544 0.14841180215566518
0.0 1.8878010139059338 2.7153197951988495 3.1679338531732784
0.0 0.5778010744440704 4.374175939154173 1.9935276145606236
0.0 2.5025598635469626 0.3480999067910906 1.338856636997845
0.0 3.794856051868792 4.862258229056733 3.675037581140091
0.0 0.7652914365631708 1.9152834921446227 1.5232370553415415
0.0 4.573931617113522 2.505823596130283 2.2693345572180483
0.0 3.622735101866242 4.939720380617097 0.007703448099769528
0.0 3.650569938755124 2.3019757457429018 1.455660826761126
0.0 0.42819752151028456 0.43360913885143404 3.0348015868865597
0.0 2.3428043027471173 0.42654320389410305 4.072087337664409
0.0 1.1196823440601344 4.498501095136529 3.7144461850165684
0.0 1.1112041043460792 3.5598576840771963 0.014562192550810482
0.0 0.3970104520905149 2.7040308209240207 3.459697549311433
0.0 3.414345336467565 2.242437931741472 4.29750013434411
0.0 1.624931527405824 2.20290942312913 2.281527536086372
0.0 4.237010450098614 1.2702218766531759 3.4855174857870312
0.0 1.5569533642123634 1.5278340556423997 0.6096222206721019
0.0 3.4771522801686157 0.417490956686552 0.8870268107639945
0.0 4.633784820942949 4.699336489903772 1.483810853210551
0.0 2.521295249820546 1.5623529059326664 2.5404390480367987
0.0 1.300152902302898 4.774282885725649 1.300788263950815
0.0 3.6417751507321743 2.730136393226352 4.900998565848242
0.0 2.7279629294683803 3.2641962968951717 0.35516331180342586
0.0 1.7476134630695994 3.794155793440873 2.3884945043285293
0.0 1.4903102018605812 4.041615411879004 3.2186722356923267
0.0 2.8078314732732936 0.9453038728064073 4.3303133537838105
0.0 0.04211999350063278 4.881534214091689 3.3271209164872606
0.0 1.3449447200636655 2.4104485303202763 2.9369820211043973
0.0 2.505944631782823 2.7131463083613214 4.746177101913168
0.0 2.5299418593977347 3.8476588561652276 0.4943048262912597
0.0 2.8968080707750294 1.9035941100699323 0.9537559226138959
0.0 3.9703151993181955 4.941242174283757 2.0226205177919088
0.0 4.94347767474442 2.48852717637973 1.082082599550227
0.0 0.5011108629772776 0.7632052841388381 0.9241743532090629
0.0 4.45503508203855 4.591678006295259 1.6145598592151438
0.0 1.5063327143595777 0.7461820491592241 2.158051557143232
0.0 4.355370993005327 3.3344663499597953 3.2237282860856924
0.0 2.21455662115571 0.6466123817609487 4.9018745093290015
0.0 1.162885869670749 3.1832629208533154 0.6936049743487815
0.0 0.33786376331816026 3.670888613154506 2.493226555336486
0.0 3.661227475275684 1.882224012003653 2.6036924956982386
0.0 0.5261250802036777 1.230573699127841 4.313597675954241
0.0 2.6067434923154034 0.19872395648707963 3.3084383053253443
0.0 1.6675866208550427 3.3092602136265037 0.6649912284859766
0.0 2.6012106874588516 2.6009531822411622 3.354803021879377
0.0 4.719313191158095 2.6212000752198046 3.1850233901671654
0.0 3.2604683126432557 4.487143908698154 1.7061102326051591
0.0 4.744414718076287 4.062869255502323 3.9005570719728837
0.0 3.8013297271892426 4.596463926606039 1.3311327116817329
0.0 4.273548732227914 0.07989495913564959 4.1922405739566475
0.0 4.405464561980759 1.015574576264406 3.956433621490352
0.0 2.2117891320239673 3.6544040890251903 0.15168659889958358
0.0 0.6890869416670109 4.624249765944905 4.13470877118357
0.0 2.8537678384863674 1.5573561701726224 4.587766715677743
0.0 2.2848822968975475 4.629745725718891 1.5540157055093384
0.0 2.334600807004124 3.1866776684115146 3.166299323264479
0.0 3.6356779505130232 3.8636191394109987 4.488477211206437
0.0 0.07545488478248374 1.8392913827663382 2.3453450690499213
0.0 4.300274076998117 1.9566016692020538 4.990798770793877
0.0 2.634007030738613 4.2420468557836095 0.25283897142219625
0.0 2.30737787257876 2.1765346879801726 0.35564174451081787
0.0 2.3541994339251353 1.9261322390283897 0.9102074666130777
0.0 3.77484559624506 3.280177967774761 3.2797938692804007
0.0 3.4486676647779824 4.889154352700183 3.06012541674591
0.0 4.283947046538305 3.970270498086843 4.233811491929364
0.0 4.622451503181173 4.5004755268211065 2.7432494816487236
0.0 0.4920103508437751 0.6022132108682765 0.7983832678745995
0.0 3.1489326108453937 0.8047265323591912 4.981548325719942
0.0 2.545830597629977 4.397255264644256 1.0494651503215402
0.0 1.8885451224885381 4.036177212605027 2.8680709016070183
0.0 3.871278511408353 4.197524264635863 2.676015541846133
0.0 4.157270358871938 0.02773134281639833 3.7973396046596095
0.0 2.444624285299462 3.4584771496517455 4.044057781331595
0.0 3.524188556762093 3.2719677920231094 3.869093832029251
0.0 3.265579262287867 2.7915564864549163 3.2763121598910105
0.0 0.5737346321528503 0.14151864566789463 4.892299099212006
0.0 2.2527226203245982 3.628583331155225 0.9776679943188388
0.0 3.796503810024257 1.4101553266186895 3.2469777938959665
0.0 0.45493837240413115 2.0236501894760135 1.1175477991459726
0.0 4.06952532405172 4.92663881770724 3.8287257109178086
0.0 0.33826201387804233 3.8913168377482514 3.879402878604755
0.0 4.509331936842427 3.50742561393802 2.714309113012861
0.0 2.971001889707836 2.1144537014073146 2.8381646549441752
0.0 4.794707756244578 3.742852328664635 2.2154429318736693
0.0 1.4304150838912033 4.563188168027952 4.445848122543005
0.0 4.6859020215264415 0.09994620574521718 1.910049684388671
0.0 3.415216405195851 3.6295385243536806 3.545424433544599
0.0 3.347908619959358 1.0834164292884008 2.6936883372251623
0.0 4.327791509246811 2.991289907771659 4.0296720849237015
0.0 3.0110950670920262 1.1489250691030213 1.1254873805265153
0.0 4.430548547522647 4.9236612326711 1.0854972419714444
0.0 3.3763200079807842 0.8980531198091435 2.4592707996199077
0.0 3.75913952396516 0.1379194688272356 1.970062177640521
0.0 1.2564162603804463 3.9054700479951503 3.9674407599388233
0.0 1.4524444655548552 1.261246150602287 2.4422329508656153
0.0 2.1135975700209957 0.40307386190782 0.057780245324933754
0.0 4.930744868576383 2.210180417986953 3.7949917145289174
0.0 1.1344240957484213 0.27504096040978254 1.4362238901931323
0.0 0.7993028999509011 3.7385469850548962 1.6095546746344107
0.0 3.121246277778696 1.1879569498710603 2.2257701835482657
0.0 0.5888642402212341 4.856995880161409 1.572387391482959
0.0 2.971743930226186 0.7119823063804309 3.6663899412196477
0.0 4.066052903207705 0.9815767771718448 4.88886048205348
0.0 1.675847568624509 1.4872436647071485 1.3057122052600105
0.0 2.188226558641328 0.038969189005753635 2.4030858269123834
0.0 2.250929597490044 3.5935669940650787 4.567526848068132
0.0 1.156500367463107 3.161281378915715 1.638013029914755
0.0 3.6399864782129123 2.5149384045442043 4.236159811702305
0.0 3.989083072746765 2.478290416575331 2.733039038350543
0.0 4.451318699549459 1.41068116589032 2.8103863361913177
0.0 3.630925159310623 1.1535617269335359 1.0424444313653913
0.0 3.268998246325796 3.755671131044844 1.3109358067136345
0.0 1.6054793193271437 3.61639103491797 0.8155498587949411
0.0 4.717658327457347 2.9687211808520315 0.030387531044289706
0.0 2.35498379332609 3.67663296914611 3.491597655147751
0.0 4.2386585679472 2.072697264036065 1.8122954227130694
0.0 4.69636953658357 1.2463084674706653 2.2763857523938595
0.0 1.702663227504793 4.1174719519843554 3.766042053342331
0.0 3.714290472087412 1.961844670369823 3.625369603801916
0.0 1.2307026799284477 2.4273837080911536 4.252896231126273
0.0 2.1288885388194485 2.4447316417489713 4.325444374750235
0.0 4.465799482607631 3.3226803464427075 3.514104966683778
0.0 1.906120622862712 4.956464258922743 1.065421071023841
0.0 1.6835624115827164 3.9081473394250277 1.3100417329359741
0.0 2.0495415961731718 1.1054515986103897 2.7182084334865433
0.0 2.565471443041783 2.6547318803785775 3.3662672815820955
0.0 1.0355015975233655 3.2180624894088243 4.2651569258729225
0.0 3.804973650931138 3.638884748011684 3.6030462639644694
0.0 3.874267970084536 4.271456597307288 2.0985545581425775
0.0 2.455418305088121 4.501286089517343 3.9939582632756365
0.0 4.927525494147461 1.5400212041399524 2.7998833835177317
0.0 2.6511069608612274 2.97775082464043 2.2507028270947633
0.0 4.252279623351571 3.577160071367715 4.851545056941125
0.0 2.988517058381672 4.510918949056713 0.2683391350213804
0.0 4.721038286652203 3.94631588839844 3.7750867317534063
0.0 1.0036406019345372 0.2267149406665836 2.650717091974908
0.0 4.571270794463965 4.445266138195595 1.0606565378183452
0.0 4.242311520065991 1.9437677488215543 3.5418215621885047
0.0 4.430931635944298 0.011109401537659491 3.8559794899644455
0.0 0.9216950494276954 1.8506427426514993 1.1466057442680184
0.0 3.5530416657881867 1.2345287351395844 2.5984660308666903
0.0 2.010479950122599 4.742869164593525 4.575459951828844
0.0 2.7570821224769126 3.494825175981524 4.7154009466148
0.0 0.2098109592259778 4.951724637367204 2.1899376490872413
0.0 4.9387705038671275 1.3051711355351499 2.783137550575678
0.0 0.15307829951665242 3.2463246061580895 4.27331407001752
0.0 0.47755471083702317 3.043251834804619 1.459856861587594
0.0 0.6261596649481932 2.4608876988918835 1.2669304105524226
0.0 2.182120245895799 4.957990892465553 4.405123049939874
0.0 4.5657846675815765 3.535625195916843 4.780398296286715
0.0 1.7920058049944443 0.16986308398115268 0.8249273999566764
0.0 1.4569294338807488 4.192402305515333 3.2382986145924697
0.0 4.456053931003849 1.41118153824353 3.2693095819888622
0.0 0.8145000150632126 3.959411806110311 3.115079732813273
0.0 4.97829335617529 1.9339206873786168 3.6314676289057575
0.0 3.1033449849591417 1.5612144518284103 1.8398801314447284
0.0 1.1356837367719386 3.405660731705798 1.7074161266207533
0.0 2.4865448250670825 1.3846408338600074 3.33980555926614
0.0 2.691120587467078 4.6380595627695484 4.162970488965731
0.0 0.5670290813569795 1.384600945309446 3.9089530880307564
0.0 0.24467197947514785 4.6752031306919735 1.7937651619928046
0.0 4.033322806644541 2.208574044886191 1.3257898667084944
0.0 0.16611002353364546 0.49893828248911365 2.7621584170461007
0.0 1.17742652453158 4.780571668540768 1.4372859815411476
0.0 0.14664627442824485 0.3819321678216281 1.2446216368264533
0.0 0.32170737692001294 2.115203865343508 3.4378033061433078
0.0 0.4960263307678203 1.5931714250580802 2.0513116109914744
0.0 4.581768737751357 0.7350075965843422 0.806847920999979
0.0 3.0257898988764573 0.7007355744686228 1.1971145480220442
0.0 0.27253693790999955 2.9786700562168065 1.9544633444832682
0.0 0.01793521446673496 4.448139621911062 1.7560422161846723
0.0 0.913562974321292 0.4378467616891585 1.5377388203083686
0.0 3.432209886167574 2.0379244998477093 4.248325725817893
0.0 3.8444906437755937 0.20392341691817084 0.7474336340775145
0.0 3.690906426079432 4.433411889340617 2.156162653842933
0.0 0.1698491598294205 2.98569951785509 1.5702803752750194
0.0 0.36788276849016754 3.8899650951294538 3.2884505506710187
0.0 0.22024648083055431 4.151331536916189 4.669696050509614
0.0 0.15343979359222049 1.6133912486992452 1.6999956223837887
0.0 2.160475678963336 0.5140947892682168 2.5143438733997554
0.0 2.057923651182156 2.0873706021839213 1.7840065446118492
0.0 0.3692087850323861 0.11712232759902019 0.24856794844261842
0.0 3.9281129840970213 3.9454321871224955 0.299918160917072
0.0 1.9444023007331728 1.2571301912277617 1.4288727835974868
0.0 3.6896178484572566 1.126846013009002 4.2578844442480746
0.0 4.197222741630761 2.635501737957759 3.6433964015375215
0.0 2.9880191100839086 4.6500595386712416 1.277125249758226
0.0 0.4385465834953606 2.4356178606610044 0.5431891868322258
0.0 0.008101375311303505 4.471540628746363 1.7726093273976296
0.0 1.2485781133500091 1.6309816115505449 4.410866085056899
0.0 3.615385323324771 3.2410499498912544 1.842547187436152
0.0 3.8739479483777917 1.2468892940414285 2.899059621755564
0.0 1.7327699462926187 2.0947651867778228 1.2514960506931678
0.0 4.39923605086553 0.18089546377619337 0.42261778894649327
0.0 1.167331038156341 4.083023034149625 4.388546835505133
0.0 3.982031454585015 1.5702416206094632 0.1786242718547898
0.0 2.3024441979068015 4.156795047207363 4.469457668511826
0.0 3.172597089344948 1.3482777568170161 0.3003810017382591
0.0 0.01704503220124942 2.4428182908478284 3.7224708000808713
0.0 3.220510854588587 1.311580424203263 3.9881805251304274
0.0 4.470010973346115 3.5373819669439674 2.511042147036914
0.0 2.2202586219410247 4.714225593891216 4.973083138049862
0.0 3.5607343125794406 0.8183211424205583 3.6983220680751785
0.0 0.993979241498753 0.5891303349493143 3.591441179146812
0.0 4.748709053950933 2.9983607646749917 4.427845344726567
0.0 1.140096100111223 1.8765589148301975 4.418402418693017
0.0 0.7715120905071093 2.8645286209737315 0.4967682852061561
0.0 2.688491650667404 4.209160310299268 1.5282728760179731
0.0 2.6624198018210476 0.021239255354434383 4.7307675142167325
0.0 4.1526329891448714 4.288039322425377 4.327995755584308
0.0 4.340968860022538 3.491534520224557 4.066394760121803
0.0 3.4224538247937804 3.096485622356761 3.7160521222556984
0.0 1.1712703406978453 3.8539242738006143 3.2246515571170065
0.0 2.2240480029185234 1.3826027757977681 0.3311322843323239
0.0 1.9774857345715435 1.682741077200015 3.970555223958735
0.0 2.717887098878318 3.5290830326721725 2.510658202707461
0.0 4.531554304757254 0.008737038548076725 2.533660654012275
0.0 1.010299809819228 1.9820084473013733 4.525729016015709
0.0 1.9274226768741372 2.2739898020126814 1.0843718807938252
0.0 4.816649948993026 0.17947255387626815 4.802757714304329
0.0 0.2054140356025791 2.380635468906298 3.475324050022163
0.0 0.5017356494732872 2.4879993907370674 0.3987870478992789
0.0 1.2511333968913096 4.345437353139963 2.2553778033349614
0.0 2.105451001137961 4.087593247319324 2.5424150107974235
0.0 2.26093113079696 2.300064624315282 1.2195000192848844
0.0 1.4711776418438323 1.3465163458973923 2.7699887970234602
0.0 0.8203288542347764 2.007882614926546 1.1789925963772996
0.0 1.0714987304081236 4.780716041061294 0.12119863402632214
0.0 4.99721217360201 2.1991157258444805 0.9155740616990449
0.0 4.770868899464359 0.7207034861439249 4.1627200252827254
0.0 4.406631814460635 3.213887686735855 0.34646737831478647
0.0 1.3873913516532244 1.8155121995724515 1.7958336660878615
0.0 2.2917544628412467 4.15268328459203 0.1870334920884681
0.0 2.184790455466449 3.228386304222199 2.9960440087621016
0.0 0.6032362949009779 3.7914133636276395 0.9981287104363862
0.0 4.119354648128974 0.04571186779661063 2.8110860890110616
0.0 0.3988193519507177 0.35806423045781854 2.577125962309351
0.0 1.9227449173400035 3.987400463383763 2.1991569395027417
0.0 0.662403524667099 2.1838283226507658 0.5586983502587528
0.0 4.667197401724578 4.915860035124373 0.07194501820649957
0.0 4.627740541761069 3.6369546772268677 0.6826342353745851
0.0 2.9412344848194367 1.068595140240024 4.2766164823062605
0.0 2.6410988778776305 0.3850284985885477 0.04416065828753313
0.0 4.877359893632641 4.0474966649914865 2.126303035399805
0.0 3.499034588568963 1.283055963087139 0.3348655710915699
0.0 0.09354534137209936 0.7815276858153958 0.4981396731302351
0.0 2.5253936998685638 3.282040495950587 2.41109319043938
0.0 1.8221885354203382 4.318658307123245 3.8492180490319994
0.0 2.6138796140526104 0.03650730854196926 2.7777778507804083
0.0 1.647579693872131 3.0118148140031216 2.751026195177139
0.0 1.251325087867775 2.0598617137186754 1.7695736017967194
0.0 3.009078098788838 4.54091876177368 3.568471186638671
0.0 4.578974039154796 3.6431258082831333 0.3527322062790522
0.0 1.9648654228058993 1.0917978161850157 1.6762707553321365
0.0 2.755729608183696 2.484426696113689 2.7997192757686524
0.0 4.2723813438020555 2.7102561496465167 4.438519762440924
0.0 0.9039788435983565 2.35193562691584 2.7276843780043185
0.0 0.10779898952678224 0.4176270455562514 4.011184105184905
0.0 2.37513349857649 0.7594683457305934 4.5996146128372954
0.0 2.3089918648515493 3.648855814248353 2.6560766273465983
0.0 1.8326965951658831 0.8187315638703624 0.20569588916657888
0.0 4.834566898758926 0.22606502498983383 0.5818533600342624
0.0 2.064107241829203 3.2516773813288804 3.548819689212345
0.0 3.7452664611302233 2.6645250221035717 2.6154300289910437
0.0 0.5818321305075053 2.216426356241725 3.1134674978074517
0.0 2.8523186312154887 3.6132530744773943 4.128027043116203
0.0 4.026556686071388 1.695947309360909 0.5968588069065389
0.0 1.7684580121120996 3.632721778751189 3.3252492511685894
0.0 4.442627383635311 1.9046906537953583 1.7051657617143707
0.0 0.3290497339202958 2.0153804225669303 3.1010196731694677
0.0 2.44424922592857 2.528621182657168 4.680023136240631
0.0 4.720090619407901 0.6532635204753606 1.3510079920819469
0.0 1.6508578067468056 3.7819031204635096 4.420137342619513
0.0 2.5132849441097376 1.9776443643299308 3.751988388364349
0.0 4.0464385512544965 2.751544027116295 0.7325243349042831
0.0 3.631714115986433 1.1496070072443603 3.2082870132800796
0.0 4.849621749720528 1.4316827601138282 3.705171772391415
0.0 2.878036022083073 4.113078243411935 3.2234416231922136
0.0 2.2927764257099685 0.2033534443986018 2.9894765826689254
0.0 2.4852355964501665 4.963158612803219 4.512100029743639
0.0 4.3570507848347795 4.3842867620108805 2.952797674912338
0.0 1.491638810896128 1.6967765721550983 0.971097748685647
0.0 1.9387668453770568 3.306827309301161 1.9793824926969013
0.0 1.0005296904183951 3.648395112118825 4.286023010380475
0.0 2.307514854708381 2.239914109871321 0.41666431128964676
0.0 2.3229600277209306 4.353737757125691 4.67621888173681
0.0 0.718839041398735 4.2722362519984225 1.7727429712706932
0.0 4.9922907431827905 1.7966450556055025 0.6522862883760117
0.0 2.060089570516879 1.046461325001355 1.2433835020433897
0.0 0.912094129564075 0.7799903138528791 4.860304448513571
0.0 2.816687703044271 0.3665359899305026 2.691105277908696
0.0 3.796096739211749 2.8072015328915785 3.6601241064146155
0.0 1.0619992841108705 2.1885361165201194 2.0072750785566633
0.0 2.2800572488598063 3.3868653029670437 4.684535334632756
0.0 4.695848081353084 0.20686356448799958 3.787310118460663
0.0 2.940409759529658 0.08400782126520512 2.2645573099588945
0.0 4.617445721522922 4.127542994272239 3.350281489607503
0.0 4.1121121964468035 2.177223616030439 2.905617115691661
0.0 2.735541927731871 1.1041864488921567 3.982894902677547
0.0 3.136752030344341 1.1644757011749018 0.4414190796073014
0.0 2.7436753887926937 1.634411094141559 0.5138836809139791
0.0 2.1292481578364706 0.05013765986670915 3.667680755546675
0.0 3.95765460462328 4.2690856831289565 0.7925519190843733
0.0 3.7745469517291257 1.784070522412996 2.116815794651716
0.0 2.496336051565631 0.677042817926885 3.703177789135839
0.0 3.160966451075002 2.0869793243959456 1.7366543573214066
0.0 0.9402705420666779 2.196537086732317 1.0782393427032888
0.0 0.44012689421134676 4.346111997176563 1.0003476540057537
0.0 3.8151173125587032 4.863820985119094 0.3453323089859395
0.0 1.7499078248140316 2.1970537938364796 0.9290292177403953
0.0 4.791516617654542 1.7701866360030776 4.2569876998422
0.0 1.5311679245226772 0.7008150731307689 4.541296920200535
0.0 3.0783637833242294 1.3025184555486597 4.3954766480087635
0.0 3.154991814511521 1.7948707574020661 1.851200192943376
0.0 0.8045314713085189 2.5690016647395075 4.836635935381192
0.0 3.8083152989761793 2.540912772465409 1.0756249265951685
0.0 0.16179954090107806 4.910711484255205 3.9026335489998463
0.0 4.374617341416643 1.943835710340975 2.648569001810808
0.0 0.13020112807263007 2.520307480870581 3.072682823787619
0.0 0.7150257314780217 4.093273524090478 0.7990003601734136
0.0 1.8716907004583434 0.6093091697811442 2.076633113569976
0.0 0.28511115782842766 2.632589881045346 3.265356516285944
0.0 2.488870662707614 2.423107166918938 4.92712885823545
0.0 0.50465738233339 1.1267468068690634 4.487215347149962
0.0 2.1667264400465953 2.445065004032943 4.0940149109282
0.0 4.181989627710843 0.5504250437842723 4.736577285787508
0.0 4.595561203019465 1.96421100593742 0.36663344344852133
0.0 3.640598144695169 2.606039509374629 3.890228800799309
0.0 2.595585422061984 2.5209464349544586 1.8467445776660414
0.0 0.9227342127289978 4.8971414797902755 0.2728887497443716
0.0 1.5952931972122053 2.667087686750493 2.362503580779223
0.0 0.5807293046208623 1.599748001607204 4.449708563964585
0.0 4.858609360233474 0.6649975834771443 1.7721430032181478
0.0 1.499664012526753 4.400415850908294 4.357034114683519
0.0 4.39593601926549 2.7494795270025874 2.7489804794152137
0.0 1.9217797866195319 0.29773953428804956 4.4323259866727485
0.0 1.352190482902213 3.0388341941917267 1.8057442128283252
0.0 0.2201204551475755 2.8201874132597613 4.747356255019445
0.0 4.34557609432571 0.12070995806938434 0.3589805074845692
0.0 2.9621351497224193 0.20889667069873052 4.732192894501333
0.0 3.9734351507155936 4.37617217948772 2.3708717929958127
0.0 4.7385623566111015 4.794770799048837 0.17936837708156406
0.0 3.2297134917957977 2.7232409998557534 1.5878956846910026
0.0 4.0434214697022295 2.79481053607891 0.475707865753654
0.0 1.3503525605412925 4.249794156160691 3.1595398169756606
0.0 4.971302801198893 3.927344321902063 3.670622658250031
0.0 1.0606685528526838 0.11542370934336021 3.73625422049717
0.0 1.551693415078761 2.9483278229643792 4.1607183243171075
0.0 0.019269058548726514 2.692122511777471 2.2688587387073667
0.0 4.429502039927867 0.5241619238512801 2.667130248598279
0.0 1.5974025367741334 1.6035167482710577 2.15098394032641
0.0 2.198312684552916 2.8479256232592713 0.3792815403052252
0.0 0.8963596130211182 4.640066996407766 2.0354431667644484
0.0 1.7296627149872201 2.377279057540449 2.821338584391351
0.0 0.9685210675625583 4.360929964740984 3.322720428020472
0.0 0.15861228987885057 1.809711441619208 4.209444532536221
0.0 3.684136566461749 1.039081800184909 1.6573923027619304
0.0 0.9832578002875292 3.434780800458959 1.9621838356372168
0.0 3.1745566789973143 4.821284499098351 2.70304520142649
0.0 2.823198203967899 3.8184129725799116 4.116344886394097
0.0 3.6164281133687437 2.024366381808542 0.4092312730490316
0.0 2.4282525618185504 2.120444121681447 4.806992368955244
0.0 2.6176897978097853 3.1992620731397126 3.080733786001591
0.0 1.312247939130284 3.4470454657391008 0.6765652884376566
0.0 2.176827402637782 4.398909261642906 1.9397740723446337
0.0 4.0451676328620385 3.452461575203331 2.173013100915628
0.0 3.147894010834473 4.279350136556422 1.9000404998225995
0.0 1.5174256002956414 2.872010944189686 4.632060542767281
0.0 1.1257849269127491 1.6485767203249462 4.796186165948058
0.0 0.9989584512822974 1.967299585409203 0.8731205340590736
0.0 0.42405781440386814 2.617471955168951 3.91674201455197
0.0 0.2690378692652917 2.6562089020344235 1.69110587226388
0.0 2.340465867926305 4.973708593814953 1.939600672345556
0.0 2.565375594583247 0.779960994003765 2.1257360335216506
0.0 4.666956144086246 2.0241226495404625 4.069104789198736
0.0 4.277814680775313 1.9073034627116114 2.123599329651399
0.0 4.609186682393146 3.2746908467979057 2.6084544167151713
0.0 0.7365963117547747 0.9058625443960416 2.173273112611816
0.0 4.128017998893091 2.6400170572419372 4.39113966299965
0.0 1.7712060889254295 4.321615733962067 0.5466850510841192
0.0 2.628690899575701 3.7057320949908226 3.4452882142851244
0.0 0.9558057171535234 4.232239284288007 3.8864192881701527
0.0 0.8136508264822101 4.076385795807021 3.214451150722521
0.0 3.2333446324821002 0.49617906004206125 0.36404445135582164
0.0 3.027721592636498 2.306579180265067 2.3310714220349213
0.0 3.404036862229614 3.2584287574644892 2.4333266879181545
0.0 4.189460972441852 4.971940167395533 4.792683405980361
0.0 3.3658303151893305 3.7323148586877335 3.1083365864385786
0.0 2.2842896072253445 1.3361642374714604 2.8681821182488165
0.0 2.9549604314598614 0.9245839777315001 1.6132884426783456
0.0 0.7420212740335952 2.9171595784912885 2.839010225305114
0.0 1.3132516324013943 1.3636580373871747 0.44115307059424624
0.0 1.916736016985407 1.265185483198249 4.9189947499331605
0.0 2.3244512917048317 4.51731150829147 0.193739897253008
0.0 2.3979126422009105 4.013936129028557 2.2923153164552423
0.0 0.3428678271278829 1.4198801834496921 0.7884828104248809
0.0 2.310128557063461 0.9363783067820203 2.041598516231721
0.0 1.071637520855671 3.7784232500885127 4.547426657122978
0.0 4.890586704695073 3.3747463626715617 4.921647267124674
0.0 1.5321302928268588 0.18443065805514358 3.532066794670845
0.0 2.989730833012751 4.1717436266236945 0.0674880338970485
0.0 2.9567732002729774 4.949439172193185 0.06334415492859902
0.0 3.225162916958206 1.6204003268196403 1.1412366313617488
0.0 3.600732340366679 4.92043346687973 1.3381558802525557
0.0 4.0722256830731025 0.0952598121841497 2.4381390680774135
0.0 0.7286594903893012 4.559669934090693 4.20055632490668
0.0 0.41959753433457925 2.9090542431479944 2.6398025844356985
0.0 2.8256340445373853 2.7234510147829964 0.5850656870416454
0.0 1.0130703939975605 2.6476062074359596 2.2582027318790754
0.0 0.7004682768679582 4.30965708637493 3.6682640081303637
0.0 2.6977324523966257 2.221551304534618 3.1280745442307345
0.0 2.9980150400201087 1.113144074085436 0.9495582420984922
0.0 2.6248075110543914 2.1961912121490075 3.3326227534556
0.0 4.477708810649952 1.4144414033285906 2.0484962384249297
0.0 4.275548044084343 3.539292826426614 2.677397725045969
0.0 0.6203669711311804 3.5979287008055687 3.0294594678127673
0.0 0.6663485063935792 3.789282141330429 2.73329703885894
0.0 1.925708497160767 2.2525763604243525 2.2295603653315528
0.0 2.8165190895051158 1.1807217557050786 4.759988601042703
0.0 4.99994605723177 4.037550130947605 2.4160580260478755
0.0 3.097194909621517 2.4672899838815026 0.687980159100372
0.0 2.906362513528084 1.1169989790362562 0.28888964187220256
0.0 2.5352918799701247 3.911133404776356 4.207851198079554
0.0 1.5715614891668284 2.188065051860759 4.884710106904223
0.0 2.3532549115725403 1.1272755305285054 4.799940051948665
0.0 0.47504093820029347 0.28281451762725285 3.9531908242983063
0.0 0.8009674564553093 0.5079125193151729 3.8825577062871885
0.0 4.678186807223644 4.342043719067858 0.3457118342761051
0.0 4.732360675505222 0.7384955863856008 4.791452595407735
0.0 0.1084207534009679 2.4947496362557757 4.471795209591017
0.0 0.9321031566389271 1.2494286480971895 2.8920483618346915
0.0 3.15213502078892 2.4738735178884492 2.8898786911299545
0.0 2.1777853277157986 1.227318645636624 1.1175421530954155
0.0 3.132649222637256 2.3334697470676464 0.6658807492769842
0.0 3.6851070855274863 2.300701400039607 4.703292937140855
0.0 3.3725498093648323 2.7658647085789894 0.6744094894162189
0.0 3.4170039927515012 4.089098053966353 0.9184395127045847
0.0 2.8386222522469517 3.7451551141650574 3.061736285249527
0.0 2.7160270732189833 4.192585393341926 4.481108561549849
0.0 0.026720612281642686 4.825432458986213 2.5244907316699097
0.0 2.5506407340576254 4.742594412804088 2.8700563183532224
0.0 3.807296832310648 2.312675035448623 4.380498542064576
0.0 0.042801807592873775 1.5336023764924973 1.433619743178568
0.0 4.573237711013922 1.3069462800350666 2.9747333915318377
0.0 4.792984514353714 3.8193025403126937 3.5513394942671233
0.0 3.7228406088997303 2.6093912442986373 0.23980090453914527
0.0 1.2508638189606547 3.7546836083201063 3.8637926940235605
0.0 0.3942631923647094 4.023910110643706 4.041914022530625
0.0 1.1406575004905957 1.975540835738936 1.9756936657109896
0.0 2.4250497452412105 3.208074070354414 0.7245288683126772
0.0 1.8695540993554594 1.0669683953874187 2.014172755129176
0.0 1.832196459265123 1.9779566208350836 0.30662783295111684
0.0 1.289959578539811 2.429422438297952 0.9307269925493045
0.0 0.1448559928210169 4.617601223087408 4.50438707986105
0.0 1.0001291924042972 0.9114358174317166 1.6483964808226164
0.0 1.732778025549841 4.040708187426612 3.8863419126185232
0.0 2.136112666378951 4.257832631988131 3.736398062206672
0.0 0.7778698337325873 3.5890632839921532 2.415238438605854
0.0 0.898208673229362 2.996531117147055 4.638248083941873
0.0 3.762175869721274 4.302879810144286 2.6059705095997883
0.0 2.669069282655734 2.5402970720227556 2.9662101229521842
0.0 1.6807943027048677 0.8705875423450921 1.8791865029924075
0.0 1.804336941069542 0.5560806249526912 1.6189723662538835
0.0 1.629862197555409 1.35206651508816 3.1144771078507594
0.0 0.03074973413358162 3.7071318797419406 3.579421947475015
0.0 3.824174205197594 3.596643754525996 2.2151266528016555
0.0 4.87589805373235 1.714671146138902 1.03825502982325
0.0 2.4320919031245216 3.9564804895256867 0.8571410192952256
0.0 0.9175128896137735 0.9385244628218092 1.7843109737896123
0.0 0.20232939062622357 3.0727849257699518 3.787001702994743
0.0 2.601944792548829 2.821303841108967 3.655722751384028
0.0 0.6325552038097315 4.816473111369402 0.6930080836168706
0.0 2.399366189403562 0.1692027683042785 2.7933486042406885
0.0 1.1874533017676803 3.7607267752485303 1.0512562659666513
0.0 0.5795756596173512 0.3045140854792938 1.7500131628451154
0.0 2.717283042150979 1.1989950724755627 0.5456793679505934
0.0 1.5838594644547173 2.180106544116625 0.44071497612694965
0.0 3.0197406183114457 4.781359543883098 0.8979879899630056
0.0 1.9963089232293085 4.013282075906853 2.9594107212849736
0.0 0.30014070738640986 1.3922228877772547 0.7929731122573552
0.0 4.3778086722314145 0.40398437190432845 4.41090329367451
0.0 4.84904141293397 1.2347368459550485 3.232056868683494
0.0 1.597478204299967 3.137943900672541 4.819736508518663
0.0 1.4132563085459826 4.008393978316744 4.137128715357458
0.0 4.893937147315141 2.4360970660653747 1.5742309039069424
0.0 0.685920563932455 4.0862763711841525 0.5109167492468014
0.0 4.320990809929818 0.6539403315526288 2.6696296729377704
0.0 0.8934843825622124 3.222469355348581 4.452105066206617
0.0 3.812217718832212 0.824213895035138 1.6408985978833108
0.0 0.28113498772829315 4.287355785006909 1.9451951107175702
0.0 0.15386222599868826 3.798629639832601 0.6685497196008922
0.0 1.17151564818238 2.0625584259544527 3.5781559402894683
0.0 1.237145934752521 0.5138495276390409 4.029806371658818
0.0 2.332425779301586 4.186181038279831 1.2760517520184749
0.0 1.1057596088022175 1.3775193897517102 3.216776697121096
0.0 4.3845010651808884 2.865112543942205 2.2262515171786603
0.0 2.292368035596588 1.345195314822869 2.501656126680812
0.0 4.516149755736459 2.141251306667618 4.470106286210506
0.0 3.504358385538061 3.7011565104663458 2.0793800164385097
0.0 0.5660657282739578 3.9737156396491446 0.06604407033096615
0.0 1.8630346876821413 4.237455116304707 1.7279422255969652
0.0 2.6586653041100656 4.5749367389145625 0.3182333704388546
0.0 4.095634416565723 2.677546573629944 2.997573692167372
0.0 4.719345194690839 4.694867033779415 0.7009624352262178
0.0 3.5339448466203462 4.154307023452382 0.5582489995874973
0.0 0.8985129747747667 3.498634991543659 2.7887791604794128
0.0 1.6792873374031192 3.0273585899116178 4.521068473263626
0.0 2.8491872643406175 1.4274758160466006 4.5826492993563726
0.0 1.8779897338229685 1.6209675086574276 0.30784909353044676
0.0 0.9453197253285145 1.8036631034522788 4.068763890664389
0.0 2.2253089996299797 0.7503016945067642 1.2139796845553068
0.0 3.518917433763913 1.7548540165800013 1.984340492339417
0.0 1.8246043997762191 2.458841868783827 2.9159094581281106
0.0 1.5149836399142658 3.34349176536791 1.5283903329697708
0.0 4.602280476719217 1.8509435361098174 3.2745432034006754
0.0 2.2050747232361436 0.12881526341326777 3.9389177183983937
0.0 3.8818761181825905 2.5180067846086054 3.3216915382993655
0.0 3.7130847806072342 0.033118232037850914 0.36468788062390234
0.0 1.2013048735445264 2.9308748552537263 4.965336732347025
0.0 0.6502832012496679 3.585061098749866 1.5522475037604688
0.0 4.498657794273061 0.5207725628865623 2.8719440449709306
0.0 4.549593060128913 3.860326149233795 1.4193789361066689
0.0 2.861549628515889 0.5715049739313777 0.07590074026077587
0.0 2.559932184559028 3.70734865253516 3.326054892612822
0.0 1.8344763735338971 2.681336216481362 1.0072614037786969
0.0 3.897834119186912 2.841269495135674 0.6240611410848246
0.0 0.5941940144788083 3.467907287168781 3.933596499970171
0.0 0.3525944024975658 1.8050137267143391 1.066960260794061
0.0 3.6552252833954384 2.537039097627635 0.8785014872883873
0.0 0.05930202726634359 1.5592681043231642 2.7025586723974375
0.0 2.6611496152482133 0.029016164736407335 3.241237012242988
0.0 0.2571208517133161 2.984234976492835 2.6194419572147605
0.0 0.9915708073929308 3.4160063835421135 0.916424643325624
0.0 0.6632931702478462 4.000895375008077 2.1558026067190617
0.0 4.593236675388436 4.633110215719189 2.2514675334202723
0.0 4.851109683019504 1.4780010155306833 4.040370219612495
0.0 3.5847030838424345 4.173947598015355 3.7185361306651235
0.0 3.916466648341261 3.9473824303844585 4.168857654254265
0.0 1.7295772846465929 2.919897765915361 1.4880727555554563
0.0 3.1559503069025467 4.253060047012047 4.931391178829533
0.0 1.0005018305177005 1.2596595165020597 0.9266878018180402
0.0 0.22232048309476837 1.192063471543336 1.912722092389001
0.0 3.8257775629757123 0.41165580055695095 3.393329095037945
0.0 3.642907134481242 2.5342013137371255 3.4628196665359012
0.0 1.6183872004025273 1.8142784817810127 3.0473106825756524
0.0 0.9142067189172748 0.3360254723267081 4.765282713613718
0.0 4.213050524086478 4.385754517437793 2.918217035502979
0.0 4.962710167820492 1.4770407579019451 2.1588371510776163
0.0 0.49506807432382893 3.373588261747482 1.4132236355357914
0.0 4.28788725975956 2.8643272812720655 4.246318214110927
0.0 1.893743501167252 1.2695328727325865 0.17875557299685152
0.0 2.887881910521619 1.7800501738131869 1.7686695320917427
0.0 1.366097601234963 0.8256951067856916 0.7017823411035029
0.0 4.2807711300158955 2.62409328045045 0.950699204615304
0.0 3.83081088080184 0.8958739974301855 1.8769122673907768
0.0 4.85253308548179 3.5548927884404247 3.522054745444589
0.0 2.779589667396823 0.5781432972015838 4.60870312136649
0.0 4.0248510346370185 4.713486016165012 1.471940385744714
0.0 1.5295878116205464 4.743961775281454 3.228493189584749
0.0 0.5886233146874675 2.2711946828512453 4.75969203312747
0.0 3.5566462466660864 0.4090476082384781 4.430216626717564
0.0 0.09899325499592326 3.147004345381768 4.235023227186293
0.0 0.819795065020385 2.7945814269941476 2.6531050408903494
0.0 3.690684288092952 4.057707088977204 4.340498756909656
0.0 3.4419902322323375 1.216081717149677 0.4282768786132707
0.0 3.623616866692066 3.487751523914251 2.302907618992245
0.0 1.5240234566481354 2.852962631983262 2.46273559386386
0.0 4.492765717881158 3.0763779031482867 2.3573808938418455
0.0 0.9459939831517022 3.8351651562226974 3.9443710928794506
0.0 1.3769306225774414 2.9312610904834155 4.585416512484005
0.0 4.446016235882383 2.134543629033063 0.2356858037410714
0.0 4.411871255362959 2.089178647006494 3.54185938286888
0.0 1.9857391703054912 0.2774520707936806 4.28704725716892
0.0 3.866778981368425 2.088165123427576 4.462179182593416
0.0 1.8278896907834896 3.570169152547706 2.4815389824587113
0.0 0.9014053716642006 3.709597340064876 0.3052744484242831
0.0 0.007938501462323444 4.128731521780975 3.446593866596976
0.0 2.7657822322355763 4.944433429073775 1.633080637272446
0.0 4.110001502061095 3.667117499655893 4.590541969403733
0.0 0.36616749880811206 4.171530901575953 4.650425829870554
0.0 0.8204963320806197 4.469607860109008 3.68737974052213
0.0 2.3098370845539233 1.1781090505374432 4.030170332589915
0.0 0.4804960172637057 4.860984124419115 3.9172235203221817
0.0 3.817178704159617 3.757881373124814 3.192384860455447
0.0 3.3721778119488244 1.5078360272157654 3.0341810200897705
0.0 3.171177929896942 3.1804090535153335 1.8642423355535054
0.0 3.3236285113505315 3.1108345695572015 1.1732673182751674
0.0 1.6901430266219881 3.3094790435134964 1.250854235608529
0.0 1.201305508536072 0.1659454190227233 1.6033916763577278
0.0 2.9470817385956645 3.76675618447102 0.33730619514177884
0.0 2.2667868172957077 1.026167470107246 4.0986024130330705
0.0 0.11559450017264827 4.482026338356725 0.41882641482557104
0.0 3.224593335843415 0.13779502962647627 2.6333353032434603
0.0 4.753932268841364 4.669752683169236 1.2289254196896353
0.0 2.085703873101135 3.0691172747124176 1.6423722943330592
0.0 1.0117969215283795 2.6345778417657217 4.17343059881609
0.0 1.9561776859754265 2.416957048163471 0.9399667969521069
0.0 4.483741197327978 0.481300477655634 1.4599091371823731
0.0 0.25567011310493326 2.3489534300190424 1.6168836515894784
0.0 2.6732145464441275 0.4176398742316656 2.974737570186961
0.0 2.134595538084429 3.007837168179814 3.3650709458235943
0.0 3.0663583540759847 2.7550200186118 3.851100520544661
0.0 4.433628709207817 3.2183198176390073 4.987838178578804
0.0 1.0478844239235436 2.282295854972112 3.8969250162649094
0.0 3.091910314435223 4.457196482042035 0.5936368576341122
0.0 2.585484648899939 4.492814106339047 1.6280110300161876
0.0 2.621855434508022 0.2917886810210757 0.6330879791726057
0.0 4.636275925967043 0.2538320643579961 0.1535905845139096
0.0 4.024376610401784 4.989246145777066 2.495407990448306
0.0 4.3202340578314296 1.2208679958101953 3.773810133283501
0.0 4.198494114783819 2.6371870406413063 0.5398595548829882
0.0 2.90223279388566 4.404159992188149 2.915129670398107
0.0 2.6179842392657537 3.391747674671767 4.892674571428726
0.0 2.726375120182132 1.310573131299499 3.103687119502487
0.0 3.403542797145271 1.7387858272920114 2.0168267224878167
0.0 4.263349057992892 2.5169001010463505 1.5709815018884292
0.0 4.24491361443933 0.3835542383620544 4.372200306497363
0.0 2.03251442806652 0.1188068268828385 2.9228584274710117
0.0 3.240950296855849 3.39882601768192 0.5726184593832861
0.0 0.12364002073845026 2.4673153738724265 4.0631748923980915
0.0 1.1783837638840233 3.995791708060628 4.443741738604129
0.0 1.5063656876878446 4.909696084250122 1.3385024981472704
0.0 2.098308618931146 2.0299861971102824 4.6562829253989
0.0 1.0256253009576826 2.8363488597226767 1.1099950208901999
0.0 3.973565736834177 2.5193814573734623 1.0009398891398025
0.0 1.544885546104735 0.376437023016557 4.7226630473404185
0.0 2.695193997606173 0.7962833020097038 1.467933474199366
0.0 4.831949722424284 2.2438435257283507 2.0497162285059516
0.0 0.33118235009221897 3.8108666466331176 2.6624363394575576
0.0 0.5594331801109487 2.9069401376862016 3.4686665143891937
0.0 3.249530024065057 2.783525078284719 1.5292399862559058
0.0 4.89842706011421 0.820592027968009 0.6642381130433089
0.0 0.3981094758111753 4.206513446826548 2.1618822269571787
0.0 2.163251382861823 0.5310140176925271 4.047861005827643
0.0 3.998416964668738 1.8228221264052995 3.6536292800300583
0.0 3.470895521062759 3.1421818821116436 1.6910876167040267
0.0 1.5657382691207888 3.971411453976425 3.515082749830833
0.0 3.4234422351046807 4.7494963308005484 1.456488461334771
0.0 3.425693100390382 1.7517941081842765 1.3750020189434435
0.0 2.0275361915043173 0.8196768869681159 2.799635831364008
0.0 0.4020558955003495 4.10581143865314 1.2208372422426617
0.0 2.9132489470406715 0.17718660327818492 0.4442622847104183
0.0 2.733059590717292 4.777992828450378 1.7814677304761113
0.0 0.99631028585976 4.782989680503892 2.59351304278489
0.0 4.397343864629458 1.4451907693729271 2.249107692851008
0.0 1.9928348267261609 3.1316304836193076 2.436728278353689
0.0 4.244928161318768 3.2076935412926675 3.057047792116945
0.0 1.203930999101649 2.102376830358115 2.706082246139481
0.0 1.7160928362128858 0.3235491731771606 4.035966601392394
0.0 4.1578850256392705 0.9687501227564865 2.8027461129220166
0.0 4.559213192657702 4.120590760428641 2.859486819470548
0.0 3.5582914063274886 4.9718031865104715 1.2794714476422437
0.0 3.1291725545607867 4.621191995789518 2.1393465706747405
0.0 0.42523786540054176 0.10401108571896467 0.07643601757149454
0.0 1.3471158272212453 3.6070684769447037 0.9562645900692412
