0.0 2.1055879160240054 0.5113528012287716 0.36340204501551066
0.0 3.294763588402354 5.8565040442996965 0.46488002839968345
0.0 8.103366942924144 3.3134425041368445 8.125195512768425
0.0 6.08634653858532 9.766376906702197 3.5570585868314164
0.0 3.139451514326418 2.6367567425657015 5.630542867913075
0.0 9.791838203936088 4.2256501723814655 0.7533726912589855
0.0 5.557260566639112 2.059908039042578 6.5263031376152245
0.0 8.079844219136529 7.659781288889533 5.798697047968665
0.0 4.583903031566322 9.59755601988327 5.721908646423897
0.0 2.0407412844715775 9.192017508727409 5.163140689540121
0.0 1.0421714311020602 1.512306399953267 4.604018700056304
0.0 0.14967477636249837 5.599534314586915 0.6230829795879622
0.0 5.441797442884254 6.544163039103633 1.2199006105941657
0.0 9.575525317834504 2.461259980979925 7.371483309178207
0.0 3.768376641190544 4.12124214498505 7.708360701552354
0.0 6.895054237583068 2.300459555311477 2.8531713873799456
0.0 2.5388735091229178 2.687055485017714 0.5760210129180043
0.0 1.3460996486951227 6.477066587021904 3.3661164556204515
0.0 2.3731578716949207 2.9444138837494824 0.9528853990286579
0.0 7.567961655481003 2.6346869683940923 3.5448079813862488
0.0 9.584213029975547 5.54458365759236 3.6382611608268824
0.0 4.332981770901804 5.8602254198629025 4.680089699700742
0.0 9.101792592245413 2.1072139380946178 9.833812274787283
0.0 4.166446157462059 9.419062368531431 1.558004026652502
0.0 7.745487075350729 2.0999259263695915 8.066111498194756
0.0 7.671817689619779 2.378164331403134 0.3391390654539239
0.0 2.6271999910826374 9.288291026766025 7.381636815799414
0.0 8.60810524842254 3.859831167168136 6.764079826812106
0.0 5.807532647758643 9.532908080737874 2.751537136532388
0.0 7.682870676099872 1.6599896697873007 0.5680445512232768
0.0 8.616829043238196 4.599890829455387 3.394242289171957
0.0 7.098664185413482 0.9409119026433632 7.9205934591070974
0.0 9.984755358318264 3.3974715732287732 3.8974758239347587
0.0 5.187012531317091 3.4365081334056056 4.570139428382759
0.0 5.251071059781803 5.2816152548381154 6.42747523375987
0.0 3.140662549428812 0.7002797400429905 2.357307299667901
0.0 0.14730614077258175 8.508158409139346 0.6261035347260135
0.0 9.663573653369834 5.336659396277072 6.149198924877899
0.0 8.680683869123184 7.862565022383732 9.033602435042976
0.0 6.1448354893947315 0.684680691856252 5.91526997156433
0.0 0.597934420807319 7.379058698296271 7.89733079941327
0.0 5.166741013228587 3.2112510938584338 4.585511224982124
0.0 0.8814210252690213 8.870666670114828 1.240018125340513
0.0 0.3118514364587255 8.906103037563566 0.06741798316953318
0.0 9.600872776707451 2.8262412497082847 5.11368737586851
0.0 0.4660160205657182 8.581831739043892 4.008013487923471
0.0 9.522256382591307 1.7793043687582777 6.4500278458836116
0.0 8.344648793913931 0.3441330203794901 8.822931437897877
0.0 2.6160615051526612 5.299771766267477 9.070956075114777
0.0 0.6125808988319248 6.1269955869391355 2.5219544419420634
0.0 6.309305416886682 1.6802123354770182 7.824483876962648
0.0 6.631691662805031 3.446528399400428 0.8789074670499808
0.0 9.63147236449198 1.6539942367690252 9.88462417736231
0.0 9.057237717752484 1.1203650752470284 2.556619619624355
0.0 6.800740154986005 0.15790614032788808 1.767501884520788
0.0 2.809041002596336 6.176041977281045 2.5317385479403107
0.0 7.113248792904384 0.39483465632030645 8.180420985093056
0.0 8.556927378795187 8.423948685372375 6.290238727059422
0.0 0.9087034081621426 1.0147635845373282 8.391444677805325
0.0 3.0642203498334686 3.9347356886796305 4.096916414925643
0.0 9.907827954110267 8.960463756264168 1.1829123457831159
0.0 5.405649245440795 1.0175281758952315 4.589268357024018
0.0 9.212426644247126 2.8571912633100007 6.775805100108939
0.0 5.187426444103559 4.167722765398947 7.009807373956449
0.0 7.932166526188751 1.2967292262216024 4.36932982146763
0.0 5.011942826713598 7.109176170865538 4.666822762234353
0.0 5.802463651216982 7.102141837998497 5.461582607300692
0.0 4.205720618804144 4.606485775344405 0.3912722206739738
0.0 6.67764202039306 8.881351672834453 4.076510025735088
0.0 7.5189101464444255 0.6239679253760566 0.6201053342855323
0.0 3.6591511106286045 9.699576899867807 5.937189773858381
0.0 0.45340859008479395 3.9576148440125234 4.660836022059151
0.0 9.430159348790301 5.4309536558076745 4.857027564373967
0.0 0.024096908706197073 0.3073923381607624 2.149267975781547
0.0 3.5391125118824327 1.7902930637590975 8.873890655965136
0.0 5.136899652802046 5.376017994148652 5.766435447090862
0.0 2.673439874643213 4.792568151737332 3.476307059541852
0.0 7.005365810159758 7.806931639025819 0.09020737332651962
0.0 2.0018244081291945 8.629865893354102 9.558214803196224
0.0 5.844910107778505 4.282355804033937 6.773604835404451
0.0 4.394427543278779 2.976355147232309 9.225698442182876
0.0 2.7952364205770697 4.909723881417217 2.9113828664565746
0.0 8.553966523947345 7.408285094944257 0.3457515107297171
0.0 4.034955795311946 2.9926581535647436 3.918286956012411
0.0 7.949199151602669 8.928828598891146 7.697211603772633
0.0 9.369983332702978 4.616181242999118 6.029819251949595
0.0 5.922482802934288 3.081188353207105 4.025178840544608
0.0 8.294659382310162 5.223781269059975 1.7762839908145223
0.0 1.774714414500429 4.475976066976885 2.3237992708006083
0.0 9.331119793150283 9.918884698774239 5.694037080071331
0.0 1.1879806364167333 7.002428762814316 2.733334423766909
0.0 1.131468815796185 3.8215697684442973 6.9386919743618485
0.0 7.546203958498002 1.8832326305730451 4.834788750681495
0.0 7.755719305977936 8.03303721399628 1.261729361933881
0.0 8.918298289220987 6.009034566938292 2.501590683235222
0.0 3.1869713829613042 5.029287835085982 1.506489669298876
0.0 6.381935146541732 7.684348330533314 2.3092627035799653
0.0 7.57835437288443 6.3891986372103995 3.9675823306628635
0.0 0.5377778720033732 9.658456537188346 3.6407475408313426
0.0 7.102055258490586 2.2720897201853907 6.828781997195209
0.0 4.386558882887375 3.8237612334123847 4.730888539890598
0.0 1.3412625787902965 9.950991852787679 6.731718983492554
0.0 6.950981479118651 0.5543156326846688 1.9861119250184345
0.0 3.7767598908683855 1.7790005692850708 4.208024802790689
0.0 5.201186669851586 1.7371783185041167 2.8559091369042555
0.0 7.510676559276551 7.359910366310403 8.201815209270231
0.0 3.910288468957599 7.120701046945811 5.526381910292235
0.0 6.473722334224746 1.3970842209945755 2.781888313514939
0.0 8.292803159679488 1.76263024972517 1.8016991437735785
0.0 2.1060840435170713 6.0363242011577825 5.05202575120716
0.0 1.7750212508106522 9.796391521306164 5.129412132284718
0.0 3.1067181428628396 2.673176194695807 5.465240734691249
0.0 7.467573940135789 9.229355113373604 1.0465026264918187
0.0 6.12550836130716 3.6802171562239328 9.579424560219119
0.0 3.1554443479752017 0.4192044165284581 6.954885368439045
0.0 4.135859663778736 4.68676159213134 1.6970669383379555
0.0 4.532058480413825 9.714438807522885 6.501667007712469
0.0 6.173735224848446 5.617160572050478 4.84375581432622
0.0 3.4681903258430955 0.5570000557741084 7.708371331939285
0.0 2.75860617550952 6.21328579090151 0.7859595963355359
0.0 8.153291644169233 9.287220992933165 4.975891571139723
0.0 9.811730379930342 4.124464207119934 6.988854519161142
0.0 0.6503607760846819 7.7157036967321595 2.143204533894819
0.0 5.540806728425006 0.5803824265891699 1.8841526855950574
0.0 7.783154097934037 1.0790485205612765 5.696716077899787
0.0 8.444330331814243 7.249412630009485 3.964185788079498
0.0 1.1877638653526768 8.716029273546324 5.156069552506956
0.0 5.274582892630409 5.0502114903056325 6.043893513454509
0.0 7.014398149749929 7.22104449470108 7.587668848402103
0.0 9.04960842964514 0.6959371249843549 1.6325264143082208
0.0 0.20844577934153063 7.07942280417014 8.449130648027168
0.0 3.6799331754991704 3.719301485432498 2.421277173459191
0.0 9.925159058759291 5.085131109186958 4.720208717423091
0.0 1.7271516869667136 7.108034085968955 2.2048865402038964
0.0 3.6758788406691445 6.000065840110931 4.045999919041726
0.0 9.58451838365596 9.772992431918663 4.491497837043895
0.0 7.845719150318365 8.843628058279888 5.767789551218522
0.0 2.9038107514141642 2.517690838303511 6.086353679846983
0.0 0.6868732740501227 0.4036130439476804 3.9507886117784254
0.0 8.421168568049746 9.464779737575299 3.125792892522025
0.0 2.5457661848609128 1.630323471097076 6.385081113855858
0.0 4.084312821403041 9.852031892295813 6.546614156163245
0.0 3.537480001405806 0.7046610108188978 6.928941839668382
0.0 1.2752257826896352 6.411563169440316 1.554197120418268
0.0 5.092318492018593 0.040993614729750716 6.2185862999000685
0.0 3.270453700517888 4.208853393358528 7.146488438119418
0.0 2.565858605695739 7.173777621818701 9.76550562635717
0.0 6.293919993009224 0.704006480156073 2.599534775655089
0.0 7.5679606918871585 1.3539264371595638 4.725594661504905
0.0 0.5964204160979181 4.111669351354429 4.556896178450252
0.0 1.8142842943128934 7.311248075786148 1.4209345841267584
0.0 2.0375496112383615 2.9269179329073136 1.1169208133427921
0.0 7.46597504933484 4.6810792474879515 2.1366149885763406
0.0 1.339112489081512 7.144838036714342 4.299236507257963
0.0 0.2731725398131213 9.298518718591447 4.256496925567545
0.0 1.30731612859334 8.467764659382759 4.309362815585223
0.0 1.893412775631249 0.2780843787640874 3.742137686160152
0.0 8.261169899770206 7.246300525268062 4.0162604751096564
0.0 1.87820396807177 2.45965375356075 6.9407860785124385
0.0 5.12724758481443 2.462136862638947 9.513884191271774
0.0 0.7151006783884273 6.4463866431284975 7.217772207109713
0.0 1.230735984449991 4.499907461552528 8.150079118332195
0.0 5.527332617491483 0.7139437996524034 8.775807316898515
0.0 9.887711342493484 0.3831797015313454 3.163919180677355
0.0 4.461031151604828 0.8533846585660443 3.922518175933046
0.0 5.235813425062473 6.521270156398002 9.359034758365024
0.0 4.167665954251859 7.237133817551472 4.995553863823217
0.0 6.175605583076416 3.6277172259996995 5.9325569295102145
0.0 4.196538486557847 2.6765159582648144 6.013121742434229
0.0 8.272402962711956 3.4705208697166565 5.647739365294018
0.0 9.472908441283026 7.972568465776909 7.091943709469499
0.0 5.521393264446541 3.484990859930387 7.547539575158262
0.0 6.619115612913269 3.7448126754833844 1.8131815135004392
0.0 8.134437342937396 6.352320348860011 8.014662394854692
0.0 5.7902620226612225 8.244877879604857 1.4124407166031483
0.0 1.1857180698488645 0.5946428299846707 0.4427507425081778
0.0 8.39767890619838 0.8065259582443485 2.1588640242507084
0.0 1.869855018751987 0.5779079496368233 1.4392290640753125
0.0 3.881379133662638 0.5276558708569212 3.1506387615648803
0.0 1.188424946055503 0.40877711747073553 4.27225341186141
0.0 9.209545069754345 7.194001123279587 0.4137937988344387
0.0 3.590986183436268 3.76593769905834 2.2354660301322014
0.0 1.5151719951784237 2.4029154773722396 1.415535248276767
0.0 6.050379250623758 8.268628307153596 3.361768870633223
0.0 3.0573297563860367 0.4870574695484087 8.503891357959256
0.0 5.4387465868700735 8.448300496507882 7.19181441665397
0.0 4.19097901226516 1.9239247228021439 4.31718134739442
0.0 0.17356497693931217 0.48958164236170054 6.40881530044135
0.0 2.262440253323794 3.2937118212957905 0.6686257263104756
0.0 2.798972721395213 6.724082200062725 4.496800273094151
0.0 5.178793994755983 2.954364590057744 0.9458410990523924
0.0 4.4275140501338655 0.31898050312171966 2.1665512933222866
0.0 8.033779494095757 6.972155989889281 5.658361692173658
0.0 8.355547794888317 4.96926555137061 3.217839807226764
0.0 9.65897173570468 5.605570885133969 9.748752113166955
0.0 8.340198085695615 9.789367954260028 6.457699811434568
0.0 5.699736578873804 3.010483595764782 6.828176636698657
0.0 0.23880837854952097 2.4617316823144506 7.055528613775311
0.0 3.027019021794062 6.629956740845469 0.12302794871353329
0.0 3.309094570129992 0.33550954531395893 4.663754651162161
0.0 1.5684903602792966 3.8607321684702023 7.986730857972431
0.0 7.389038147092121 8.22057309515031 9.23834328342759
0.0 8.399787250568707 1.5525330309065488 6.0452003436550505
0.0 3.453216987051685 6.5767462105574594 9.821000603504938
0.0 1.9461059781789125 4.291390754251731 0.9544749745293324
0.0 0.3036940621623485 5.485683189992705 8.752764255552016
0.0 3.0175901675681613 4.433779587079462 7.247345799508944
0.0 8.119471929516143 8.886931001626806 9.628705151642524
0.0 3.093858014549511 5.777599055138285 8.568681764178077
0.0 7.573328621571087 3.0780382254943683 3.6214050613863047
0.0 7.582460973827794 2.455943715689913 4.8267036130876315
0.0 9.636792101506476 1.2824085069003455 6.036170717128063
0.0 3.845664909788903 0.09084138482344684 4.343493802762477
0.0 8.035008597334626 7.383044682998254 4.646809811676232
0.0 6.605982192287589 1.0111712310004872 4.24013582796614
0.0 1.6790663902597558 1.754192528268227 8.624159939357764
0.0 0.23347697163968784 4.080019093948905 7.151383258756102
0.0 4.983350102801049 7.888773460166467 2.9311640231769864
0.0 1.5608118509334612 0.6437038463358913 9.386740704601207
0.0 7.5529661090430125 2.453708845012227 7.732540130163672
0.0 3.782906239736088 5.653359947985248 6.138115891618263
0.0 2.678129712231817 3.0878586874030933 6.562235174652319
0.0 2.038238126683959 0.05970692859581517 6.92137799424022
0.0 3.869351706201305 7.112166489925804 5.2098158759538205
0.0 2.143348358838834 1.1757046027490292 7.616524069665347
0.0 6.373743574364098 2.116291020333194 6.123442278852165
0.0 3.2097986493391915 9.467114387175332 0.06882307188282422
0.0 3.387010782777926 2.7318270344218942 9.771550284296781
0.0 2.406291679535922 6.888287490806525 1.905090535271331
0.0 5.269630470331412 0.7542904647592485 5.141031563116895
0.0 0.6742018284561202 5.744212950906623 6.022713846723437
0.0 1.3350695201288931 1.9331442612134186 0.2535032222530631
0.0 3.8424671469031733 1.5382034476993167 3.985550139408601
0.0 3.1420928983744245 8.35388976892525 0.22391074995507076
0.0 6.241488669025742 5.359507229175082 0.5154165938340582
0.0 2.2254849267724675 1.3749512125923746 3.531641156256126
0.0 7.85294344272382 4.172338512350265 7.449416389748694
0.0 3.9667812660494284 4.884824632795345 6.481776211856475
0.0 0.364583823023088 2.5767464127041197 7.33437763247578
0.0 9.059614142084666 0.385568700657668 4.555001752243073
0.0 8.68122634222027 0.005610599604402022 6.486551139144082
0.0 9.577435233977862 4.604767178949628 6.824739795514173
0.0 8.774078602294567 9.277808840185841 9.437493904000176
0.0 3.9129291502383126 2.3509214538029988 3.798729167180288
0.0 8.872871434238075 8.415952503693406 5.639587046809949
0.0 3.3303022895065624 4.861901839318668 8.952749509419348
0.0 2.4052977952893984 8.722479771686697 1.8844781000097177
0.0 8.149522863716392 9.501444156958822 2.493414481682392
0.0 8.596077304382776 0.44854361396470366 1.7062273823332208
0.0 7.854986270708436 5.227291230452415 1.2356652297088466
0.0 0.92740567321833 8.737978249280285 5.053154037482792
0.0 1.97313682390309 9.522765649507125 8.223214260754839
0.0 7.751174708397585 8.729375838891986 6.51714101322454
0.0 6.271298439437398 3.5314344299623137 8.264938080380922
0.0 1.0925042423105957 0.19242352319699174 9.54906626565776
0.0 6.664010577019161 9.885861318351402 2.9090409368516723
0.0 4.298881963314672 0.3933165376372971 3.3503795710240105
0.0 4.73802151305167 1.4438717914446941 8.625413975727847
0.0 1.7183852872394045 4.1552515677022654 1.8437464733304787
0.0 8.680936727251567 2.9505705030466975 1.8044515377644665
0.0 1.4266534352784532 3.5244125617186373 3.4639479673473303
0.0 9.873317641195618 2.9866436639486214 1.390864201108697
0.0 7.40180036719685 5.883929891430483 1.9914256440973122
0.0 2.8254849698675977 1.7420721669798156 5.930684028616161
0.0 0.049393790427041395 9.68625199765269 2.636353563320881
0.0 7.447844608016102 4.8118677971015265 3.9894211206197703
0.0 3.0298111606369793 5.700136909106489 1.775939369863706
0.0 1.8704263598783677 2.8331224722307056 1.3636271932937538
0.0 1.705270781790429 9.387783693334084 0.7006751230756336
0.0 8.800467603596648 7.200646019120212 2.4151769087311847
0.0 0.8149927986481798 5.929910967628716 3.329025355162072
0.0 2.4469830783403266 8.98555585088704 6.959327763462209
0.0 0.15930843884684132 3.7850697748711837 9.840884457785489
0.0 8.662787453835634 9.554968366936176 5.279780156965549
0.0 0.9259598973007166 9.381090943033993 4.6381642280511794
0.0 1.5655925432552498 0.11275621274651648 7.465974963784423
0.0 7.966898190542453 4.562027272726685 9.889864902536686
0.0 2.5025302579171838 3.6562374734032934 5.902944521604756
0.0 5.817890949860588 8.317709849397833 9.426569403764804
0.0 4.912461072394516 6.720509915967938 1.5191266367020662
0.0 6.876316064318314 4.763286328113409 1.0267697246277785
0.0 3.107173603144784 2.153484099753744 1.533361081898611
0.0 7.088432331747093 3.564819528692479 4.639882070306185
0.0 7.019258509666252 5.266849304718835 3.7532705205027272
0.0 8.263787858640793 6.369882554877801 6.117065586920326
0.0 4.928011222472955 8.621303229448761 5.871583707465273
0.0 2.0925579737256372 1.2385638195809312 9.213585450787175
0.0 4.545880811607063 9.85220733795612 7.1866410337832285
0.0 1.796600041616634 5.613565285082264 6.4718157539375385
0.0 0.6911872400578944 9.091988101696703 0.3340358296227819
0.0 5.645674276368631 9.645136866736529 2.92210120915163
0.0 7.2462917949337315 9.309399399774968 6.147542475316412
0.0 7.209203440817467 4.418092292120541 6.023451585729735
0.0 7.956060034321347 3.218297820808055 0.952364445029461
0.0 9.92745705355693 1.1285950640869336 3.924984062081501
0.0 6.705025420069294 3.108654169324996 1.3092564301585452
0.0 5.454211927405033 5.935955526379227 9.823491946658336
0.0 3.662580511093055 6.162742912680674 1.4449462294941573
0.0 3.1696084703114904 3.071322114343855 8.127588936407554
0.0 0.637013994333766 3.526122198402124 6.886936019724605
0.0 1.5546512144104907 3.9165600416445754 3.363369852964362
0.0 2.2582013972366366 9.93622880333633 8.827427281831588
0.0 4.868932295946028 8.862266849517335 2.663030337829756
0.0 0.43598570351818133 5.24498608050358 5.7237264526004115
0.0 2.2357656707414764 9.596955463321942 9.502728150386359
0.0 7.731161414865987 5.223350278829737 5.946755977473831
0.0 2.112821187535514 3.446910956020636 9.679213391331718
0.0 1.736746921841349 6.966507363530886 0.8546676395226416
0.0 6.854145785331718 5.94880380068934 9.760250804141442
0.0 1.8008125169522327 1.7335821901515958 5.528250967461698
0.0 8.137458016173563 9.05924416176643 5.179165242398211
0.0 2.0242524145057796 2.704043155141803 2.185774090642396
0.0 0.26888680812480525 7.4453370811280095 6.380298431886996
0.0 9.62699555203529 6.807063736005732 2.7178178642099695
0.0 0.4597355249696089 4.909858020694092 0.9148511583386965
0.0 5.77743496550516 3.2162701095783355 4.16200774560905
0.0 1.11395130594508 4.02964000665189 0.9343209332224678
0.0 0.6992850591841315 8.380630358928753 7.68150857862453
0.0 1.8320970983883644 9.965593820709978 5.274110713823461
0.0 6.278351941858946 0.5065580150762761 4.721690301467728
0.0 8.432852268211615 0.6706745321537821 4.249221996522666
0.0 6.053263716906896 9.484197450267937 6.592201249328989
0.0 2.865213859741065 0.5050102452285243 1.7273021426402946
0.0 4.047279445691031 0.47363520035595186 7.446230631892189
0.0 3.826232060473588 8.786035403855639 1.1755545147755597
0.0 3.6348098561679922 7.189553362794014 8.288246415389203
0.0 0.44660512670682495 3.8702641897449306 0.7147007159455365
0.0 4.8819640810155445 0.6443952191209468 7.612868096724123
0.0 5.139863303122148 2.890506454910551 2.11662566209501
0.0 1.4947073655804055 9.37307314300275 5.031511099700154
0.0 1.0540229120020217 6.75982610634751 2.8576439216714453
0.0 5.684323502395198 1.4528922126628374 8.844465248042477
0.0 1.2850531653404984 5.097067445222946 1.3353025590155754
0.0 3.5447210345789513 7.78081891845281 9.122328776937854
0.0 2.720616722614343 0.517779718812651 8.065872088806477
0.0 3.650458343902092 0.750281109152896 0.2242062136837475
0.0 6.035382030565827 1.5520753879365756 9.838498175754365
0.0 4.842604314574186 5.69894040920491 2.6464390363991774
0.0 3.754600996605263 7.174281044615874 6.49046913230119
0.0 3.9799248829883838 2.138657979405542 4.10438895476254
0.0 1.583165761603632 8.528926781790098 8.110035585489015
0.0 2.797335976932996 3.0342526733689157 5.334081033538175
0.0 0.3493527964778631 8.478089173069538 3.336254454603631
0.0 3.027787092410039 8.31745929090292 2.3873264941981
0.0 0.2659759663499006 1.7345802342757333 1.120780110927354
0.0 7.297209759549968 0.799306817726021 5.403983296070582
0.0 8.940564401925394 5.835892884877078 0.29943786817545837
0.0 7.778053144935018 0.9142855906056624 3.792699313943136
0.0 5.188017372382435 0.400902731825048 4.890638308539792
0.0 6.562231291111923 0.8732388847272765 0.3450695581937857
0.0 2.575286415150042 1.9345052445290667 1.8357957915308576
0.0 8.659672177653036 8.242711593473393 6.549533634942758
0.0 7.4631024471120995 7.937877173519972 0.41022402875805386
0.0 6.508600572231255 5.4741183918841845 8.856275741734432
0.0 3.6533918085253605 4.870808247351861 4.591585741464827
0.0 1.0563506565054381 2.087855791630695 0.06229974838368402
0.0 9.4954232180471 3.3182862510619393 6.9506936198867555
0.0 9.586890976593265 4.0304884019105 1.6199596518767678
0.0 8.185202938736007 2.8506711950895127 3.143862858291117
0.0 1.3790234435682014 3.9661793224640043 5.39946329504691
0.0 0.09127531118403365 1.943570565101792 2.698460370869146
0.0 4.416860870862712 3.0792248475936965 7.226952009173328
0.0 9.179719886168247 1.9418857654505672 4.698824575252974
0.0 6.274892643426658 0.3391885923874005 7.939141350508418
0.0 8.259334617215178 1.5081306252605342 6.247192843861965
0.0 0.09066286420789993 7.443811924553132 0.4013841398376172
0.0 8.9360939911484 0.9774945379513533 9.586250920945226
0.0 8.439526000561173 4.981424725233711 6.1803499813174785
0.0 8.309047302048153 7.334427079125577 7.762713081164216
0.0 8.75254510867132 8.261569665868011 2.691003147462675
0.0 1.8566948678329898 6.504713900755316 3.2650725810429027
0.0 9.57858588800695 5.111313534516335 8.589653321995748
0.0 9.296145258213974 2.793805077156809 3.6071113642741537
0.0 6.986963019779594 5.430334906363026 0.9937614632169023
0.0 0.9333217370855218 6.660983629356045 9.119543678513821
0.0 0.3333339572056593 5.989169345824616 5.401855556252107
0.0 6.991247805580176 3.7580533318252964 2.866593196414464
0.0 0.6583567501822629 8.734539600372308 6.684047298471735
0.0 2.278809737461054 6.032500437823149 9.577452552238567
0.0 8.439141850220498 6.4698344186700885 4.529703057153126
0.0 6.361970798501918 1.5442803914257652 8.573284735801195
0.0 9.144664262975008 3.2875927473261735 7.68200391557518
0.0 2.9844913164247555 3.9119245699469243 6.021258956584394
0.0 0.028807590203118183 5.4681461333380765 0.1613943339049817
0.0 7.060912440277875 6.520774210745114 0.4444171600657876
0.0 3.3929827286580485 0.9919155595240481 7.576956123113964
0.0 8.179669967447555 5.92077182179537 5.589993959503513
0.0 4.822563444758309 6.453628950570619 9.23602125768144
0.0 3.601338627899503 4.4340837613794655 9.683024751405059
0.0 7.8996076721545485 0.4699440600946392 9.871049111618369
0.0 3.4524685792183063 3.698337342422018 5.284217414555923
0.0 3.9642333542468178 3.9365030988758587 4.7858935971430325
0.0 5.7793447822203206 9.597647472864638 9.792480855724335
0.0 9.578014825473884 3.358855962044963 1.5517763818193175
0.0 8.76212273251614 9.282819495969967 0.7882777023715903
0.0 9.468080721991033 2.4403167982482388 6.121030483958039
0.0 3.4657272019306573 3.3498590552949192 0.4529128883530753
0.0 6.527172108965499 4.988737002389454 8.532155114217721
0.0 9.630980897777668 9.921646871145958 9.113572741499437
0.0 6.633461253304285 4.677197545504979 4.00492438376936
0.0 3.142742050092772 2.6445553025382584 4.290729632751377
0.0 6.948902709551957 2.2783569641544386 6.014883090640525
0.0 0.7501897792762202 5.346831476828207 0.543462457749343
0.0 5.364475804436944 1.5499371897099024 4.332015585220416
0.0 1.5003915576077698 2.27947231379804 8.843205612449959
0.0 2.886842645124589 1.1846704100258376 9.541894616681576
0.0 6.16623812452802 3.0375086009430263 6.424941256819279
0.0 3.0993991984798264 2.2008147175513795 6.366144131766257
0.0 4.033827639724473 5.098307443894786 8.178262100453901
0.0 5.070871044266361 0.23162266896454065 7.383300413635109
0.0 8.936235972375485 7.665644163003845 5.1041248976800855
0.0 1.0097309110704011 7.610271108061283 1.335570315960386
0.0 3.8979115122347796 7.519597111576353 0.4752954450695446
0.0 3.949711807544322 5.520782412712625 1.9997886808838505
0.0 1.5480128877292654 8.78222316315145 8.742065590897267
0.0 6.271302077720789 6.2192533954539275 4.103984913547613
0.0 8.276927474375158 2.9506944338985033 9.406102822401214
0.0 7.980740706075521 6.190783234261485 7.580129916684809
0.0 6.4968182414004625 5.850056415482195 8.874358304944682
0.0 6.539941683709238 4.707246158592225 4.748261635648773
0.0 6.216901765264748 3.037720861445401 8.375656386632036
0.0 3.4198545987560536 7.544508043715824 2.1105138635845044
0.0 4.193614089995319 1.965680694736447 8.392455353793567
0.0 8.28179106470992 1.4037114629200165 8.1725259437466
0.0 3.2449224058873085 6.2824292015023255 7.590684742091974
0.0 0.21559032208998574 2.0023998751924865 6.075023013946402
0.0 2.850646725920586 7.036638148802665 2.12656193337482
0.0 8.313428381217673 3.843864305750694 8.374447116687548
0.0 4.164321074338609 5.324505874477653 4.51972080486534
0.0 6.16051083625509 5.667241431264653 5.71662315704115
0.0 2.1481961544695602 7.79177109217569 7.39943447529745
0.0 7.799543350899061 5.700411066887849 9.65348967836389
0.0 6.166521456049535 8.142913100402563 8.591476546007744
0.0 6.18919630818727 0.6001937094673293 6.80563417735757
0.0 9.332097701927967 5.800974949011364 9.79735945747196
0.0 0.0359863361993118 1.7310837744864405 9.912181965820473
0.0 9.839816223768604 4.572445434654989 0.9491167540253254
0.0 5.636017630365959 9.909839835959005 5.0677165879038055
0.0 2.9248363189661464 5.667196519083719 7.969041775186232
0.0 7.61358581636982 2.477501239914056 1.2502962409946006
0.0 5.782287909770766 7.86176590742471 9.736191846469776
0.0 5.377188434445498 4.445434535867127 1.8159933050137267
0.0 5.453717314131506 3.727284161887039 4.515087426375385
0.0 1.0132109966316782 3.2341004547901377 0.2881556287532894
0.0 9.3405402662731 1.5167499683522756 0.7357103747220173
0.0 3.080423383584744 6.262507878771518 7.911999441800339
0.0 2.507821405348045 2.959625653038657 7.970214372479802
0.0 9.325135729202858 4.276573507672391 5.079115419453391
0.0 5.497859845660917 4.378054587451041 2.2170209782705665
0.0 8.271859770059766 5.093430591488959 5.947734638403302
0.0 1.031150109422061 2.345341508495343 3.50728498872099
0.0 4.615834700285884 1.4974588373104991 7.082593663650685
0.0 0.12488321491788912 1.7744037906305232 1.5658843521832877
0.0 9.603725758467608 9.807499596432267 9.496166714319457
0.0 5.042579717212725 8.666125469037107 7.306696245718049
0.0 4.48292087145434 8.442230362838938 5.467852682149442
0.0 2.6827971901235523 7.6731599843904155 9.681318491700786
0.0 0.5675660228562329 7.28455157872276 9.42011965574194
0.0 1.9439331096008905 5.645653150054086 1.536629901253559
0.0 2.5440160923183375 2.27243655227642 7.00506313962754
0.0 9.033548780111998 2.017327732164562 7.218495965015967
0.0 4.946668349783669 6.253074508120818 0.5595484030374909
0.0 7.235695842371861 9.452809970534776 3.579107140984066
0.0 3.9979186796483335 7.403142798601818 7.974008383024964
0.0 1.2635005313406944 8.893219740873926 4.540189147599898
0.0 5.537654392166558 3.4582274229994403 7.634791107875676
0.0 9.8055911323216 0.8838136747747305 4.513750970147071
0.0 2.9765147890239385 1.4701339552169856 4.8821183634887575
0.0 4.366418979397593 4.815584925034058 4.709946968894662
0.0 9.095035602274907 4.0271467458640196 6.908456699987443
0.0 3.9884460248527756 3.026640845934846 7.935611233974012
0.0 0.17345372692364247 8.878034473390834 8.332345039787013
0.0 7.258630575505636 2.2470835514387897 6.018403038359434
0.0 7.063856875671854 7.088356616928556 0.04119644355742191
0.0 8.31647149063459 8.88498574822669 0.9353600752506608
0.0 3.1906925706666653 7.463712012142506 9.11772586138744
0.0 7.9136428225852296 1.486569298033753 7.379807282616261
0.0 5.464380039189027 1.5790639541049112 8.656670518780414
0.0 4.287291808402167 6.3003204300570905 4.509620370307472
0.0 8.186585609657454 3.780029221605697 7.543303418868189
0.0 9.405472811131672 4.265716891215719 6.469085248210499
0.0 8.279088819531083 5.7385654942774025 2.3986174180377953
0.0 1.5727556427294132 7.559439143174853 0.796138620080511
0.0 9.739276910126692 2.1632108962549133 6.0874041520570135
0.0 5.339383970934067 4.78611160104016 6.6904267326071825
0.0 6.866124248654386 7.037953148195947 9.717993870923703
0.0 8.87476834962112 8.31121157592077 9.342972705989505
0.0 6.356732302651346 2.0928022386530865 1.8131010452473117
0.0 9.52568095765836 8.508995210840824 4.976610006172191
0.0 3.2845863858043267 7.235750575776327 9.270743759245576
0.0 2.1050846556653156 4.840086604070448 4.1228150757702196
0.0 1.7698243204838016 7.386390537193903 8.427017610816105
0.0 5.816669607898575 5.7774433286544475 8.01397347056006
0.0 7.965970128440974 9.876072248938708 0.6368288154579238
0.0 3.7242069653571197 0.3552241458220273 7.193020901665982
0.0 7.037459630091737 9.49196949440282 8.556455286175936
0.0 9.778838176247785 6.305821535857677 9.77114318037058
0.0 1.9023239500032707 4.860347192847278 6.088727909016287
0.0 8.920236725237636 9.752955528744337 3.778874794793401
0.0 5.57282253202593 5.549028589625217 4.677160333530788
