0.0 2.336040887700805 2.713507028869448 3.1061459540703558
0.0 3.9658918127283913 4.638625691035584 1.6478757553621837
0.0 3.6887108996550837 2.776097653114482 1.5914441644021786
0.0 1.3509221975219403 0.825225019233557 2.0282121229425094
0.0 2.0325350415990173 3.8983055952442376 2.2107086446310986
0.0 1.6526443082481816 3.9621132097768785 1.7969362664478838
0.0 4.2278224360236925 1.5920342911125507 0.3501194692244608
0.0 1.043498015317007 1.3483985155686078 2.819851050719899
0.0 2.134823202978141 3.3377159993927616 2.9281269012957187
0.0 1.1173248705140848 2.1870438304769566 1.6704910495582892
0.0 4.022967689845338 3.7492500818247225 4.761629004188822
0.0 4.449408201542367 3.306055130180302 3.9496988436369844
0.0 3.3611448174825047 3.1727567467274604 2.770303144529956
0.0 4.305443960561403 0.9963085665046928 2.418086121430254
0.0 0.6646217047208397 2.7078989980635546 0.543508625944662
0.0 3.5724483970222054 1.0305926253780422 3.5336396405514208
0.0 4.2718329727176005 0.2988685951901954 0.28165503605367737
0.0 2.1090791771002904 0.6403419692567747 4.207210742637277
0.0 3.4982898591924023 2.3166278270031433 3.1508963391556772
0.0 3.5774924022978656 0.5003939349175551 0.4076751013402058
0.0 0.382668311822863 1.269835401569187 4.301974602092205
0.0 2.7019898318422237 3.331535941637818 0.14761936365371264
0.0 2.253494461027412 0.8736426016572374 0.8308799467278999
0.0 0.4390405488875121 3.033639252448943 0.9503121866048925
0.0 1.1398736822841564 3.4671599550028613 0.6649785286134641
0.0 0.9858443148535467 2.7511763380072916 0.08965786712767321
0.0 4.896932509274985 2.6051914519856108 0.09201025806811924
0.0 0.0068941842330394465 0.6246558385587309 3.2663671038999196
0.0 0.0709225191530738 4.820507933441355 2.4938920655930503
0.0 4.135809073853806 3.3571040066685653 3.3546708722470115
0.0 4.479550130148185 2.93155054618493 4.869955770185326
0.0 2.2882438886626613 3.0196974508717096 1.9528591344130986
0.0 1.2036648591850252 3.588466868261491 1.2368612111039883
0.0 3.7855084909427457 3.614874029650216 2.585446455824215
0.0 0.884973857215266 0.8486085875474092 3.7610942204345337
0.0 1.7815876745051291 2.9229937961728996 0.03192399202234297
0.0 0.5933365363002452 0.6512500415226202 2.035178771198276
0.0 0.16187264076284846 0.6785037023375906 0.7532897818217554
0.0 4.993184128652574 2.929899952444133 0.7554072883445778
0.0 3.452782726897141 2.486602059768528 2.2186858040923467
0.0 0.5128421527543253 4.428107718520496 3.936256644468636
0.0 2.4696458241596675 0.41897386393470126 4.925699099310066
0.0 4.848511071338443 3.8494495174854886 3.9283633464848466
0.0 4.4171643630925 1.4690410943957026 0.4937822151726856
0.0 0.5462721535203791 2.9120901098500314 2.850972927857731
0.0 3.0333390004659835 1.0394656061871155 3.6847491250107227
0.0 0.9649810056768354 2.940044157219115 3.5485475733372973
0.0 3.584048199941599 0.14788255150210872 3.970748484692786
0.0 4.478933223981812 3.4134421344505785 3.0114660965558615
0.0 0.1311649234171791 0.8258858066058655 0.091171993941086
0.0 0.914731395738661 0.1345587770589196 1.0236132239246143
0.0 0.43106774129629377 3.240418519148668 0.28772103732651544
0.0 4.499242412356771 3.42028883825483 1.0106446420916786
0.0 1.1010050101123936 0.8595565538044103 3.8127578112036655
0.0 1.8266651343859808 2.6897198785397274 3.0417039386808122
0.0 4.705678329019911 4.7242207520353565 0.21092923523842955
0.0 4.818655942596241 0.5214056976453624 0.29862625324727055
0.0 3.1627113830620344 1.7660107371353928 4.478077977357028
0.0 3.372702960729446 1.362196944733201 1.168812305995226
0.0 1.1997930540901054 2.555852638236367 0.8142048338205121
0.0 0.3753734818058313 0.5907514347736464 3.2740144041029757
0.0 4.4840590862173295 4.789659589427393 3.4776701789773594
0.0 3.2379426521816406 1.1961721277998805 1.0346148936054815
0.0 2.810900763003232 1.8611892599698299 0.49424226905095014
0.0 2.8158795956875076 1.4070713498337035 2.8393686288494138
0.0 2.3194187759166516 1.6686664008857466 3.314704698227712
0.0 1.9587285771961853 2.7895455597018257 2.0801394805675817
0.0 0.8891453549047768 0.21474640136312673 1.195603463335051
0.0 0.44545276430898617 3.5742633881406065 0.49041499899583674
0.0 3.570728316614767 4.937681265704859 2.2057848765702475
0.0 4.369077398193047 4.83268858117651 3.650194806837346
0.0 4.374731216521831 4.138115911190159 4.55246809483319
0.0 1.3045956422310234 2.019333258535068 3.677495342810993
0.0 0.8596011789687424 0.40816227096212354 1.9499186035635536
0.0 0.7211059805062064 2.859171022011395 0.9918109418204663
0.0 3.453651901282523 1.9290478980974335 4.205887084062329
0.0 3.962907055785401 4.47464473189423 1.3154415567290156
0.0 4.157414607390988 1.666829287949025 4.119828121633943
0.0 1.839046818964463 2.512139388247257 0.46700919135470587
0.0 4.4021215277466705 4.382917792022904 1.3258065402200088
0.0 4.025239649121037 3.1998058640838263 2.9245143093259047
0.0 4.196981477347028 2.4923656911037013 3.3846509589759446
0.0 4.42913875331656 3.2130379118191694 2.004041036221924
0.0 4.951220105583616 1.8872602272122068 4.356386437322148
0.0 0.7170550495816053 2.7659168361897644 3.9602335044821886
0.0 4.284914007991829 2.1188048579489944 2.246715367039012
0.0 4.899118989001403 4.921114465523823 3.495806296978552
0.0 3.883151055281688 3.7577473538693047 2.2111439744556516
0.0 2.256709788236381 0.011031445621165203 2.4338791401831568
0.0 1.748049487330316 0.2711066069753748 3.6674579635742575
0.0 2.7412418027170093 1.6926688884609697 1.507479612490028
0.0 4.669135551810812 3.5404355239613405 2.571215228449378
0.0 1.0319769282185887 2.2805754840108388 4.9381322037408095
0.0 4.080311588183466 3.864253494993824 1.9686835554937765
0.0 2.7016962328012193 0.9882530234534093 0.2774466184638963
0.0 0.776356269821325 2.3302964046474917 3.585528128332336
0.0 4.876424088938894 1.790090977890126 3.6737746095028085
0.0 2.908142542153331 0.19176031423219775 3.025249274986918
0.0 3.5969836466444467 2.1340424626750827 1.5864701374694197
0.0 4.807495129783773 0.9499988181826019 3.1359461125029826
