0.0 3.5095570793877586 4.224678222931777 9.034009381391183
0.0 1.2876078107268862 3.236103475918849 1.5035335402606587
0.0 0.5660333735076484 5.115190423074932 1.567386824706919
0.0 0.5818253521814998 4.782461910755057 4.264242648895654
0.0 8.63025825419091 4.468271869309092 3.164244534059949
0.0 7.2813978236433465 0.298532924437821 7.904577968848191
0.0 3.3938370497744383 7.988711426299925 8.92674321206163
0.0 2.1941539088409723 2.266865691160933 4.444675024836478
0.0 8.827059088635384 0.5681440296427553 0.534000507556126
0.0 1.910099693830356 4.723321395269294 7.55953015274005
0.0 9.25952207474346 7.80623457796779 9.511839633976763
0.0 0.9048996111006824 2.4100253587631872 9.9825636249815
0.0 2.316808764317898 8.604800636317368 7.076149854619355
0.0 7.0043055226617135 9.048901695782117 6.947432986689211
0.0 0.9821842733098107 0.6247117086253129 5.4587974905871555
0.0 7.536749508881496 6.75284650170607 6.124847165039638
0.0 7.023108992973144 2.6648747839126266 3.7834859060912738
0.0 5.783603114933172 0.9083766365761548 8.730073261404304
0.0 1.4994215176699832 4.383283495276804 2.7294979981105194
0.0 6.825326698714713 2.292067053261407 3.3611712722508678
