0.0 6.578035682514266 8.597137471295394 3.2251800343902204
0.0 8.473880617930341 8.471530717975558 9.10322487261774
0.0 4.06899376124832 9.788874943863389 3.7386847528185285
0.0 9.094452921735702 6.043596984776056 5.554945922448738
0.0 1.5474226194929352 6.9373454944142035 7.011003096328372
0.0 5.710644471143329 5.959329193383688 7.973706828210986
0.0 7.920808185194609 4.909942764555715 0.03764297887917323
0.0 9.196825927585433 6.768918482955733 9.408985246644685
0.0 0.9098472633980559 7.935029491715283 2.141403318598419
0.0 8.305797164178275 5.470226184043069 6.037029551196287
0.0 9.041528431614365 9.460410137996215 9.386263307039123
0.0 8.7976530585925 7.832796696998953 9.57324436944662
0.0 7.8637761868203535 0.9191784443721707 3.0780852642309506
0.0 7.362484953113242 5.229200806475303 0.1726497999770782
0.0 2.8147381303926435 8.556576823383484 1.8034496050567217
0.0 3.10517440619177 0.3777302449402775 1.5058543007138425
0.0 0.7702862355919549 6.133352861089799 0.2677961628126979
0.0 2.617712404268795 4.783174220318376 9.66963309385873
0.0 6.75867204537817 1.5326177629179216 1.90807213125043
0.0 2.547517545547029 8.947371112022221 6.983645894281491
0.0 3.1656652716949916 8.943191523605448 8.77367741525433
0.0 5.620123599988363 9.41503755434053 0.23529092284941933
0.0 9.169804327313868 7.726348307400974 3.611802579459358
0.0 9.801152941325288 7.948438479639954 5.729238452841305
0.0 5.577231451708711 9.617048941795447 9.297144007658035
0.0 3.6641735293971367 0.3309282913453626 3.711530424973483
0.0 8.81937858846054 8.356156761611865 7.768118655844329
0.0 5.015162057957464 9.947130790915136 5.97383742243208
0.0 1.0036343201788867 8.956554641343358 9.247457935879082
0.0 0.8268141028494058 3.0581939589004623 9.273757722179774
0.0 5.6549662130687555 6.80202951765472 6.728592038560094
0.0 8.941702425392318 3.984544525844563 5.6729646618558025
0.0 0.46192451947224655 1.8605350012893418 6.213424789503689
0.0 0.6657219267707482 3.84499799319744 9.006315553531998
0.0 4.968909689834193 8.128986372188539 9.92358328199443
0.0 6.114700199519332 2.417874530919173 4.9302368625678685
0.0 7.9821878320628805 8.649866900597647 4.326412913500411
0.0 4.288476248522082 9.643538957093337 3.8050806144811613
0.0 3.4427661243606456 8.154134940687157 3.1879884071724804
0.0 8.587939850138254 8.55393659386144 9.959697582244198
0.0 5.846558462726552 7.662483731563393 5.576154921408136
0.0 7.589988111312058 1.4873671752018658 4.551980606434089
0.0 4.8616354092406 2.7589439846722907 1.5936926643577898
0.0 5.050360257191855 4.5388176776381295 9.630098126467194
0.0 0.7229402905730331 2.2468892033773615 3.15056159414541
0.0 2.4808782964819063 3.7393015375176573 8.437836879218956
0.0 6.114526024728636 9.48622431709266 1.0289061873199734
0.0 0.38050863510525446 9.602227299518804 7.284914104947296
0.0 9.634782959981028 0.8391782724637287 2.3180404819694678
0.0 8.89238180910343 2.789962393585136 1.1790760408758871
0.0 0.3566700244192922 5.736697962092023 7.680569974091061
0.0 6.883743567118268 2.827385870960363 3.119775517221448
0.0 1.4367718535135332 0.3026990198609525 6.255579840870769
0.0 7.243757586657878 8.327955585559963 2.680497319582761
0.0 3.906972014764759 1.0929273950055374 6.929537468972012
0.0 0.5749176555843116 2.127053131340102 5.924377793774593
0.0 4.632309715759093 0.1411389368460847 9.54812125585411
0.0 4.896065334604774 8.281251955424342 6.440417933383512
0.0 6.5885349133444935 5.448765039396067 3.959250577578184
0.0 3.925914095747025 2.053566301581522 7.45883171620107
0.0 5.972181500872226 8.564954671931908 0.8445127570131772
0.0 4.891566570216522 4.945331888116621 1.6761666693092647
0.0 1.7924794099789676 9.710376051858907 7.607147267454858
0.0 0.4915503227505913 7.455522358448703 8.134802607440735
0.0 6.314810050931683 0.6976996933742052 8.352596946157481
0.0 0.990894715636963 4.667168067494494 1.767030664474274
0.0 2.555031127473646 1.8602780766623606 6.654051454508019
0.0 6.759000830986718 7.816001290680078 9.009677808837035
0.0 0.7070250498310315 4.452959647980974 7.490759182055722
0.0 9.670532088707116 6.745146776388045 3.168401687321748
0.0 3.3851218205068214 8.138729355994629 3.850312696808531
0.0 2.4350358347599577 8.367001202270716 2.377392205235467
0.0 8.560288043785011 0.794228295252023 9.085518806526917
0.0 7.331019613887948 8.933536595227626 5.445013206168472
0.0 4.464512484903932 6.997192066490592 7.518478394856477
0.0 2.192008324548691 8.772011575748252 1.4524341245477057
0.0 7.150822207120968 2.209210648596817 9.014520341869588
0.0 9.491717552341171 7.106130514977311 5.502795240541566
0.0 5.164714111606968 2.316482690387045 3.550796370264382
0.0 9.637667602280096 8.303423811019812 8.793942512696324
0.0 7.46312138251003 6.286675337759819 6.141539962008156
0.0 8.210827463510181 5.237204338670503 7.468015021653592
0.0 7.584745728249107 2.1576170777738746 2.03586250216122
0.0 7.9555152666766284 8.013740597135744 3.2046971271151223
0.0 5.624824167483408 0.27811801740298625 4.774896180658253
0.0 4.369771297932838 8.89894901359091 3.969016947654053
0.0 8.011036478939424 0.026245541485229174 2.6022419230732896
0.0 1.2815574654612405 5.409313699363455 5.865195856952576
0.0 5.846951398217817 7.458140097914882 0.7029074430283244
0.0 2.7989201188514414 0.9530492992322348 4.820009560806571
0.0 4.835544031278587 7.281963428033393 0.857910713195722
0.0 6.4399556148532415 5.582600984326986 8.425901652381194
0.0 1.8870271947759665 6.966588142621724 6.119820091741536
0.0 0.49705189486036194 2.0300999579168364 5.287992500202266
0.0 5.540425419752407 7.911676765756518 5.032877205981646
0.0 6.154211227360587 4.643705545015674 8.68113308151098
0.0 3.593615854778646 5.622138811655843 8.452883464529657
0.0 1.40980895542829 0.74406183245179 8.243054266602359
0.0 2.8673639009039666 0.4115887350890868 7.098360147797234
0.0 2.2821629772471894 6.61421744223576 3.285964847154974
0.0 3.0693197456769217 2.9411526838263944 1.236016990117016
0.0 5.382817330359809 9.379977308506792 2.5489145434709948
0.0 1.2369217396951582 5.985265587720515 6.239415354265096
0.0 0.9922173245750576 3.7061532910222486 1.7528914286112318
0.0 1.4053079762457121 9.277267488702202 1.7477884369042396
0.0 3.993019322887493 0.021685960372884727 4.044722468411245
0.0 8.868050193932994 7.665633406848488 4.598920477414804
0.0 1.1048713568800594 2.1060467149972375 1.6779013297189216
0.0 1.7939499881369003 1.6163335389107947 0.14117343227943446
0.0 1.9871644466685856 3.752284742697066 5.400768351121542
0.0 8.870160854843881 1.3066421501673386 5.689337268960433
0.0 2.0677302112887466 1.019012327896367 1.7959975046480903
0.0 8.117151488365165 2.117941269703707 8.239846311704031
0.0 0.019287984384619428 1.663605833029792 6.999896300730582
0.0 3.839918624623925 6.665731165248745 4.784695690753818
0.0 9.213856906084231 1.7998700941400014 7.054093318122096
0.0 9.83650432926976 0.9889296723358398 3.060507482950375
0.0 2.279407125951903 0.9519914668542107 2.8030625683365007
0.0 3.1921935170014573 5.01111160729636 7.9587483229088445
0.0 1.0724418421116688 6.508184908120269 8.41459842292229
0.0 4.1773761235089255 7.705901159232371 0.44302452525909364
0.0 1.4435434725496832 2.3561657930676616 2.9016059488475743
0.0 0.5893626431286692 8.838284515895229 2.2262707116819125
0.0 6.557408507319256 1.1713374349845718 9.565907109293343
0.0 5.20258015404692 2.9729164333154112 7.929926065623404
0.0 3.150581160151674 6.609015667845868 8.140451908219529
0.0 0.405426766712238 9.368091334638272 3.4729906675824926
0.0 8.853724096514851 8.424513214409673 3.1163840900017026
0.0 6.4122861222467264 8.107175727167292 3.2340548801252966
0.0 2.9243560512071087 7.428613130820239 1.8156066696587592
0.0 7.171172347224083 8.52399049283303 1.5256485108256745
0.0 7.7528147356440025 7.018757179575507 0.1863413687959603
0.0 8.985343016958039 8.789640430263834 5.267954590850506
0.0 0.10976094892967803 6.86482150593646 9.005937233331945
0.0 0.39386661103583354 4.0491465130954305 2.8172047728715466
0.0 3.057632177477083 1.9480112459132426 9.587883655449055
0.0 1.6932037222022778 6.299183024089566 8.780821294500923
0.0 5.979545350374695 5.546348184072462 5.59337672847446
0.0 9.029752381925656 9.324303535256716 0.6432299460513069
0.0 8.484555838476046 8.643315298801332 5.9953949634724015
0.0 0.8711558838448197 1.468000813684165 1.158631442052389
0.0 6.693878421536107 5.539119760885482 6.457334153942094
0.0 5.209858712526325 3.28530582163168 0.9840226933906948
0.0 8.233456521014165 7.817118826156832 0.6598270795409356
0.0 9.62257934784612 4.652662463905871 0.8903051553760233
0.0 6.257631544145025 7.130371540383088 5.698226433435151
0.0 5.579427606970027 0.6145273075997693 8.28302025962514
0.0 7.078887021336881 4.112913852213231 3.3078425535153446
0.0 4.66046597220511 9.009303833615876 1.5875493560636855
0.0 0.02073074138562725 2.893858554988743 1.0516947553054379
0.0 0.8085049356763319 8.093347057022779 0.42558393676744743
0.0 9.454508853363434 1.7251701635034489 9.892255658298222
0.0 6.8564530995732795 4.293123334928282 3.2682714488390916
0.0 5.604820001619137 2.8701144118051336 9.899204910140876
0.0 9.466021773127025 9.653217029896844 5.453249475358199
0.0 3.559499663557629 3.60181349380712 7.8231035155452915
0.0 7.671138202784357 4.2714765319321195 3.8732354586317372
0.0 5.4148626443179175 3.611690763067432 5.462371424882962
0.0 1.5219521117781543 0.25074030115729395 4.277058737151263
0.0 3.00983194415112 7.7262591503515825 8.209072534958477
0.0 8.180457095049917 2.646497233937315 8.682888265950083
0.0 3.107205504013314 1.1968408222921945 8.887492041405864
0.0 9.251899700961232 7.217584800412541 3.81959591344288
0.0 0.9889508504632127 4.298271292832247 3.4768951699458475
0.0 0.39142371647801766 0.1273297883664204 3.4360544507716053
0.0 5.536013918132525 4.106107289860179 5.98340895643775
0.0 9.265734072211085 7.198936442642329 3.6188695348999653
0.0 0.2215196608908454 1.392694204371867 8.511719644913674
0.0 1.9565458688802972 8.973681307973223 8.524461889028851
0.0 1.7878827543591636 6.084808944227127 6.369964226396227
0.0 8.76665783047472 7.1945925321678565 5.968201630907909
0.0 6.400545983364467 3.872356931292238 4.1743541704033245
0.0 5.249747477473004 0.9515551649486664 6.646824694539221
0.0 1.9398155646950221 1.780422452293926 7.725953678399925
0.0 1.969357574160061 9.55468666154719 5.144794199083821
0.0 2.942334414449194 0.9662253595453874 3.7016657902502716
0.0 0.05763954070086008 0.19866205707405604 4.753479535227395
0.0 0.13865247666748903 9.047377467646335 8.69461892537128
0.0 8.865651772605812 3.057420738527068 5.195662523394503
0.0 1.1253632892542365 1.9961387217075766 5.084315911314713
0.0 5.868505875343355 3.9911459912476657 2.9973325136891993
0.0 9.500427163861055 1.3527996785133278 0.8113677950965581
0.0 8.223318458686945 5.409082397672903 8.103141868269514
0.0 1.7883106124834025 7.245234249635196 6.041398176873681
0.0 4.907372545688197 1.8349053161068662 8.729143526856921
0.0 0.16600975647032667 1.6952466482761452 2.562547463850271
0.0 9.83854863674194 6.657001291249114 4.943184652894726
0.0 2.8191075992401817 1.9084251145086017 2.6744375246442043
0.0 0.669061550777853 6.673927805652391 2.3349354263546793
0.0 6.62479860798625 5.86450428268514 7.365733143382577
0.0 7.634737398560951 8.094002975802585 1.8781869578811827
0.0 0.6610296458652287 5.450073342638856 8.283600545732213
0.0 8.742130029884501 1.3146991141725217 3.9105882947858395
0.0 6.131101162896824 7.724020737518355 1.881145160244333
0.0 5.21009164763438 7.258300374509446 0.4920939329975227
0.0 3.9934796099070766 6.51624814673904 5.166854992444582
0.0 7.195120322684506 8.409887030467262 5.403437166524151
0.0 6.688244777460854 2.488572645044389 1.6204359060305573
0.0 8.883798819054636 6.595656310501275 8.079050644978805
0.0 3.61425733477599 4.808743057196828 9.498209858593526
0.0 2.7125625436588905 3.5261397235962466 1.922962717781016
0.0 0.6633406569586109 5.698278981809853 7.313241172723929
0.0 0.175262665204573 1.2510416209415698 8.037884701313123
0.0 4.3567514984142495 6.025278897281689 7.594058232990099
0.0 6.021679602018012 7.939984858698726 8.43242662706293
0.0 8.621023106065401 5.7560813524491286 7.923517154967671
0.0 9.973185403850035 0.29490411075118184 3.5032138141291824
0.0 2.6196276458533085 4.105090660812892 1.0270323602086617
0.0 5.941767319690108 0.8624460323624727 3.980571215765157
0.0 7.427368814543563 6.4993422670224374 4.576840929157688
0.0 0.4110331753678087 5.464552747477823 8.759996471289691
0.0 6.768231603748042 6.59136058072243 8.134674314208128
0.0 5.616736969871172 9.787145006791084 5.01726633776904
0.0 7.075597912720521 3.3172089816718575 3.966476965921565
0.0 7.662692141790423 2.214054399287696 2.841853382913028
0.0 7.286061595417792 3.931724572750448 0.4956150751360511
0.0 7.157318498644514 2.588290540349336 2.159255727333609
0.0 2.0230448472529785 1.8039250540193008 0.050165696561260686
0.0 9.506888843823386 9.516427688695357 8.004505063645139
0.0 9.11131001351041 1.9853473334073901 4.908845409071078
0.0 2.022943760322261 5.864099405462358 1.0319155331596508
0.0 5.104281075898137 1.8542735591537474 9.03122196945246
0.0 5.581208526826106 7.449813884509263 2.49418695931885
0.0 0.08761044007240759 8.889824469687984 4.312052443473445
0.0 4.014341368963219 0.8278344229013834 7.510208785753808
0.0 5.298158557284282 2.4608573713543436 4.736677460026339
0.0 5.756317083349925 5.124689259080424 2.19691763314544
0.0 6.889770227355173 2.7634360374429976 4.912887995851283
0.0 9.726392698108329 0.7927845807175182 0.8167803525177275
0.0 4.776937323109753 3.263937261862674 9.561839535079086
0.0 3.008256368662674 5.972082329274205 9.358013055701411
0.0 3.154407971883452 5.478042232607896 1.5824209500205233
0.0 7.726811270298743 2.9791547385784223 4.507406007772541
0.0 5.753548952779433 8.133065244632085 0.14477672230650995
0.0 1.5514420560026798 2.8131392010163103 8.60225518324911
0.0 3.8520543406104446 9.935179310699553 9.272923717696532
0.0 2.579727188331251 1.989971530591137 5.383774215238307
0.0 3.6684384218268153 3.7257605734173316 6.8658906141440585
0.0 8.817271155907838 1.4682815289633433 0.963635611351521
0.0 5.181420646906847 3.912673462449665 4.872525995974303
0.0 3.1242693212886086 2.8597505540668045 3.820842621518814
0.0 0.22031822446309968 2.071999171391705 2.1368605744662084
0.0 1.122998125373461 8.939585641797022 5.549616480191758
0.0 0.44817086800648664 2.621365443946103 1.4971652006792724
0.0 6.146759147598154 8.07381879495874 5.880778902347309
0.0 7.645558195033343 0.7742988757287339 4.249905406701885
0.0 7.572814354719458 0.4129023097202822 5.818360271872372
0.0 9.509684462087986 4.621293336402888 5.745650514918804
0.0 6.751139570013968 5.3878140514343364 7.907763614426201
0.0 4.4888272884501355 7.391695072225275 1.3024288722868638
0.0 4.86782759592033 8.476633102838528 3.238402563187839
0.0 2.4239301923559253 1.6939561698921157 7.906548511375824
0.0 5.335783197320425 1.6460366648695601 8.057690802842584
0.0 2.882991232155553 5.99192644703622 3.3937718664183683
0.0 7.273902573094155 8.041959551544954 5.328748122671131
0.0 6.934712764444708 2.6520412262369564 5.505991444856275
0.0 8.125836375069419 2.103959127662156 6.414076076270161
0.0 8.069161968575425 3.7096559113834116 0.9099253472958824
0.0 1.0060902527547988 1.474723966802578 7.74339777398024
0.0 4.357199067785549 3.890264841514044 1.923396074669329
0.0 3.68877373604393 5.0043482799322145 5.976243377270758
0.0 2.5381872930744076 3.4395737685376693 2.2687014322820276
0.0 0.7356435815023155 0.4120417018903255 1.167817528510663
0.0 9.296765919218371 5.740742262607396 4.077473185512389
0.0 1.7768501173649776 7.338087814687699 0.878126687227484
0.0 9.762755352573398 5.52174415452546 5.992002008653166
0.0 7.81037180549238 3.637118855484883 3.3358880670367963
0.0 5.440855958616967 3.3935680651106503 6.397801360303702
0.0 3.1936559152842836 9.839935932735067 5.7057906697186045
0.0 6.014684648494875 6.442569592496198 9.403463118703437
0.0 5.101365492537885 4.223643219815982 4.454377615761712
0.0 2.4076673934316393 4.278053172462143 2.447623184087232
0.0 0.17299684683669603 7.326088594514049 0.7290382159655817
0.0 3.224855320954496 6.178268563001651 9.618893739266639
0.0 2.1488791220832737 3.936500875374956 0.7380079787701654
0.0 7.317141251198561 0.372332545901346 0.6514192333881386
0.0 5.98683189483919 4.474562128628881 2.2472401639176987
0.0 1.2436332367907554 7.848770917308197 1.8035711723669012
0.0 6.477426035550753 8.58846544777296 5.611685613922336
0.0 9.368857554066988 3.918819455900641 6.606199598248374
0.0 0.16502152880884413 7.081050290381022 5.07178626403522
0.0 4.1975247945626 3.8284560138650123 4.914590622807623
0.0 2.5849118149206163 4.7028964736516325 1.4275027540272434
0.0 6.268083896268606 8.470251011175257 1.4183508186878435
0.0 1.8131557117316832 4.692048429941323 5.4273228693791005
0.0 2.9131937863252713 1.376172694944019 6.328113925637551
0.0 9.182889495528809 5.420375319649055 6.272610028423023
0.0 7.835367278612939 4.075834433358695 3.4082567010784715
0.0 8.055740121655093 2.3236798716062648 7.25120900398735
0.0 3.5928610919575252 8.200494005668826 3.8704955755497714
0.0 7.774792626219259 2.112594508760294 0.6100929104052055
0.0 4.566696358483591 5.739268298253011 9.36281265985919
0.0 7.610542087564013 6.718803197572826 3.005387368634916
0.0 2.07549894048889 4.167180341740374 6.828912109626275
0.0 1.6062614559471133 7.629709711828959 7.098492978871355
0.0 7.280404539837187 8.040181045490103 1.291336859186617
0.0 0.9159102250074358 6.276611801899403 1.6871333081559903
0.0 3.1061220171124218 9.58433178253259 6.511255341243038
0.0 3.4064504217934157 7.507755458771957 3.976628409192624
0.0 8.293623230487736 6.007789311600611 5.353273137506323
0.0 8.086394685326356 3.4080862509323797 1.7349068290905756
0.0 5.060867526343583 3.16673665443832 1.8566940331981852
0.0 3.161463922962292 6.80061030104428 7.878893898272052
0.0 4.81523703110909 2.9703520775185788 1.27647527023651
0.0 4.263016796758977 3.627297045240101 4.97280740782461
0.0 2.5384490173778396 3.884428493247132 6.467450411289652
0.0 3.420837271650692 2.476396171466335 5.862220235033382
0.0 1.4239305452803597 0.17625552429281766 3.172747193816133
0.0 8.65304502639879 7.182693289018303 9.621883549896282
0.0 2.128955992458239 0.4414876180562255 0.23897358134702285
0.0 9.335243131337956 4.531079492482613 8.77940666077759
0.0 0.6190610884042702 0.49233050999485606 6.182706961652933
0.0 8.720159027324838 6.464158539559225 5.728827279514075
0.0 0.5088684011856293 0.1096343062450067 1.5098358772412834
0.0 3.758372010920529 3.1224378325081172 8.924538564768582
0.0 8.488726285157677 9.432276587264795 7.844936276456264
0.0 4.589386610215225 5.790753085491555 5.1223426550447115
0.0 8.786535102086363 5.057176546823197 4.334322090005708
0.0 4.3181953661940735 4.115442952482988 4.104733749115531
0.0 6.5335436260982895 1.1528187386925537 8.484760374114446
0.0 0.7722292652498708 9.4907005817617 0.20474235325543821
0.0 2.73526743744952 9.167394014793992 0.09981348797214018
0.0 9.372594814272574 1.4555047163269397 7.958461229734867
0.0 0.6162942781083125 4.877505286171376 1.2559004516738248
0.0 2.795892988636127 9.429322312203404 1.521098385516294
0.0 5.201582389275925 1.6314520133378607 3.2677172940006303
0.0 3.2115963209377583 1.7489069996068707 2.4442075175909705
0.0 3.876723393874415 8.467805592640863 9.743629043250557
0.0 5.236567772947415 4.322259157847675 3.1205297512424055
0.0 4.5640231223858905 5.3294571905946135 7.510829526250385
0.0 7.753221228535353 4.33016251365737 2.9642644086891523
0.0 2.2574360777584523 0.5584430798449469 9.25094833268075
0.0 5.0102076902600166 0.2904637769618412 7.233983484092095
0.0 1.6433736211850891 8.179280124765054 0.9516589896095407
0.0 8.302227297589642 8.9338985490804 9.566945365559944
0.0 9.030961326590495 0.8086580303824609 7.0397044365525705
0.0 9.565283536105579 5.170083269373799 5.740125557453172
0.0 6.927978126031613 4.236287623889169 7.575382576858733
0.0 4.700783102397156 2.8642814906694127 9.086538138051106
0.0 8.399701304112334 9.393363938630676 6.886437063175665
0.0 3.850492437040555 8.084500306073322 5.275727286323985
0.0 0.3782628056182047 8.368144887601781 6.1977407924125565
0.0 6.397378330939453 0.26787415076353405 2.9338259715457204
0.0 7.859625027831254 1.8679241337747643 4.338161831445398
0.0 2.59642721522522 0.7174306392267171 5.669197036724261
0.0 7.412448931245637 3.8073543946296864 8.612327828865382
0.0 0.595044634382087 7.766213497163266 3.541021035324964
0.0 4.57519858249245 3.987543642084269 1.0161647983385858
0.0 5.553721771956665 7.595126853694603 7.635671148636968
0.0 6.950840022026096 5.800228337412101 4.723360851867797
0.0 6.712222213297224 3.2922864861940004 9.19347377542288
0.0 2.507197382508457 2.947034949975167 9.216284452197927
0.0 2.871204451169369 9.4923689655377 5.369347507615694
0.0 0.6089522583151441 6.924493960050966 4.589168615212844
0.0 7.8993785192916235 8.50046994140398 2.146531979514652
0.0 4.466672102779313 6.828982179805168 1.89204710358443
0.0 5.776110614608275 6.82107120588608 2.8035076466172293
0.0 6.280150132979881 0.4387532064867872 5.358263958039208
0.0 1.301742257988573 9.58239613146046 8.52944146654432
0.0 6.637494264729435 2.808094855666404 7.882411120602467
0.0 4.134415240659259 8.541968267378873 8.88093830909079
0.0 4.436340226876744 7.2555334263058135 5.0740195225458615
0.0 3.1432939160774795 6.721588780494282 0.5791979872711606
0.0 2.416534371733212 6.856807383465875 7.958761874080041
0.0 7.32286562019995 6.75899025724396 7.18723299402463
0.0 1.5006648581120385 9.795680029344874 5.255597827402271
0.0 2.529405170657278 8.757614939796003 2.225773418405103
0.0 7.664681261790602 3.331945386459503 3.916200908245364
0.0 8.135311840427601 7.71257258534353 8.746716063577027
0.0 1.609029975744547 2.085357311457016 0.03192931575438318
0.0 9.12529980172584 6.905876377262519 7.9661537189061695
0.0 0.6435372747714063 1.8945463162232068 0.5220509915610405
0.0 1.1744423139308635 6.3822888752413975 3.6654972529380703
0.0 5.9776913420397415 9.997943321678079 1.4121760776609749
0.0 4.564762388064224 9.592068925152192 2.318143925537669
0.0 7.03177490205713 1.7246901938736858 8.659896692538021
0.0 7.346054582970788 4.340837698238084 7.62843437029702
0.0 7.932013945524636 8.521610724197995 8.020254045123059
0.0 5.5782929754271375 9.610713837185882 2.9359110334470184
0.0 3.4717756707676584 8.940452324054748 7.4703693564235
0.0 4.676499695817209 8.870549000708184 3.0165424561246934
0.0 1.4269081336422706 4.349416273963598 8.302631647077229
0.0 8.40217147696335 4.905069608347983 4.697750873552331
0.0 2.091316593951855 2.5148712137313014 3.690276857499466
0.0 2.714961564383549 5.6602240875636225 1.6086556727445023
0.0 1.6023422815548016 1.9422207440560713 8.837762694604557
0.0 9.03965792839594 5.291113452808483 4.742577677651486
0.0 3.3767049656953105 6.807074349712117 7.729563178633248
0.0 3.2607404719474142 7.644256670131381 6.465915372709727
0.0 7.567714017887498 9.505788967875297 3.9321483253686864
0.0 2.392822368354006 9.411178205280844 9.535158027465288
0.0 5.642908414599073 5.083480504617493 8.300984864569344
0.0 4.071734045909336 8.727629650346257 4.6699202735259515
0.0 0.1967612523691098 8.051929598002483 4.182168048788155
0.0 5.168266428004812 9.103215241703458 4.5811174931872145
0.0 6.1528642809775835 8.102259617583972 0.6302692830148748
0.0 4.563818399900842 3.259515129747117 0.09514123844183264
0.0 1.2400780098760378 1.8795503762826937 9.112460037634845
0.0 2.782256219894257 2.2095539284744237 5.391270518035824
0.0 1.68229441049213 4.9689965736439845 7.424920495518639
0.0 3.301847047684825 0.17485414870902272 6.343472338262077
0.0 4.525195639453296 2.4150226858218327 2.3707659566447603
0.0 9.250563957090908 9.624406746747049 4.71083785791096
0.0 5.007990462162416 0.043771000248155056 6.8677218573174255
0.0 6.311509174474798 4.717428672367899 4.3535476403223585
0.0 5.414577069885161 9.392260272554802 7.26580502682676
0.0 1.245566226628655 8.09227085595587 5.882630080238188
0.0 8.416679454456924 9.689632702904724 7.926382120207967
0.0 2.9072928622704963 0.5895769910181181 7.019728744182746
0.0 1.0297647304375757 3.8314402062877106 5.678874552032735
0.0 3.1379301865469023 6.919759437515161 5.504292498621563
0.0 5.888212234105551 6.099713080732299 0.23365340672985346
0.0 1.8353243297937671 1.2428502097930438 4.415424802387548
0.0 1.0253115627145992 6.191298106208587 4.561519584331203
0.0 8.912465565111852 4.351292478068758 0.2682222976878401
0.0 2.100969693809219 2.32498557232213 3.6926495282078076
0.0 5.070864358742483 0.8305424936646033 7.912678156417938
0.0 6.909017859836128 0.42346057739776066 1.3507557894818134
0.0 9.357502484700172 7.884463316948374 3.0387859127624752
0.0 8.839008928715291 2.946948742802981 1.799978205888344
0.0 9.588759741068312 3.0871731139272685 9.624711238894708
0.0 7.055382412413133 0.44827713128750446 2.6899619759575177
0.0 8.874411269540945 2.2637900898482988 1.8249763721772683
0.0 7.7496235792398585 8.599269531603328 2.4546901950253917
0.0 8.841165730431825 0.08163399479691913 5.170398497298311
0.0 4.647075478695351 9.800142689081419 9.8377136119543
0.0 5.638646884877011 9.291951656485606 2.347669548104477
0.0 2.706625550134251 9.739698887692422 0.7339455335892597
0.0 5.530365876175578 2.409861308030484 2.7693896060910372
0.0 6.80461945414743 7.856311068027245 9.078453373566372
0.0 1.665971534657844 4.935495704186721 0.3791522798442659
0.0 5.278800862087065 5.708325338545718 9.76668008657455
0.0 5.5555388236850245 7.949528808396985 0.12387981913892787
0.0 5.127367881242028 7.166714213058107 6.318049693490531
0.0 5.5972675263125495 1.4774020086665862 3.948612923146406
0.0 2.9846283798940987 9.180508376181486 8.424450161685927
0.0 9.74082713349788 7.793399854857417 2.4277841775077436
0.0 0.7692502242042754 5.943322105734834 1.8539224908209173
0.0 0.712623530401103 5.68177140658451 7.860795609610482
0.0 2.133497282931176 3.6325922181841843 8.074025672429329
0.0 5.118091285121724 5.409618891788114 0.16634186340682477
0.0 1.0106534720742033 7.746093082764924 4.053567571664901
0.0 3.8201402564018694 8.086298938398183 3.766042444967713
0.0 5.11028983218058 2.385769080814483 5.099186861842371
0.0 1.1412355535461916 8.446358160464921 4.128943060324623
0.0 9.063191164801244 6.81857357863048 9.35694095681699
0.0 7.237168850539408 3.6260887324418656 8.24845501991891
0.0 5.9543509235607175 2.178227664176724 1.2995747497248178
0.0 8.25001548432729 1.904885862206226 7.255229516949864
0.0 4.557007882421993 2.3797321247464187 0.6373130417993977
0.0 6.091458205703326 9.817748868715736 9.064931479799704
0.0 8.015489071424799 2.037984711786441 0.6123379662441697
0.0 6.67975123269398 6.64924886000947 8.56929650324189
0.0 8.81065622164401 8.46961992237442 6.511839627845761
0.0 6.616956436981002 5.695601850331215 5.771342534902334
0.0 3.338810552948365 9.488565699565934 7.877701183624046
0.0 2.3293840769270635 8.402417992237446 3.5290789499604114
0.0 6.5714711089333955 7.6749701546294045 0.687236635971944
0.0 8.003775694241815 2.5922341958679174 5.513130335229963
0.0 5.236818368956733 0.8169674817144668 3.5824808204453107
0.0 3.85383137378697 9.497873535737241 7.627776276049595
0.0 4.439763693318267 7.226859701719754 2.8575895182841893
0.0 0.6840951101022708 6.693501650199999 7.736129753366253
0.0 3.2513509707102117 0.2680974967725225 7.665956158103403
0.0 0.9376112394858771 8.712255510073538 6.031437571845516
0.0 5.653037501507203 4.566080934685707 1.0404658352490659
0.0 7.695540590202995 3.0734916306324624 2.9894236581145295
0.0 3.3895804443382795 4.602152539432586 5.560401258724803
0.0 7.935219780413628 3.498840941192465 1.421584565604992
0.0 1.306832063623521 6.512875599834237 9.544138817465349
0.0 2.9608512837367815 1.6278423430542044 0.8455645875608475
0.0 6.137423219995309 4.461166340556967 0.6639679882374017
0.0 9.729766707778317 3.873253249998616 5.034029770113238
0.0 9.426679126389319 1.6562062118322274 7.00287753204598
0.0 0.9574002129674852 6.974204975429369 0.25450427964134215
0.0 0.31036386238537106 2.4382176303184666 9.406503739928038
0.0 7.764881933351583 8.071945678096787 2.144799678088196
0.0 5.581053201023102 9.493755578888074 5.0988895990182375
0.0 6.322411089441605 6.976522381159657 2.3760970602713503
0.0 2.2958280260401507 9.627560014241624 7.9692815231133105
0.0 3.7459290421700975 6.910647053564381 2.9513489607435925
0.0 1.938089342711371 2.207357453042879 0.7086526540965432
0.0 9.449469187942523 8.075199007772385 1.102047807869878
0.0 7.672885829315776 7.756196670006235 3.557501219428584
0.0 6.485073507167092 6.514093521466004 2.932006619717411
0.0 5.81922702530095 5.7495769417823 2.2680045719420336
0.0 5.079200328013808 0.06811212487537799 0.08170138490459
0.0 5.564200853875714 2.757191624353931 7.899823288375805
0.0 3.7807671143011854 7.770011849280204 3.338872758031155
0.0 3.8908330208685973 6.145680320131409 5.144506223650974
0.0 5.2717472508665395 8.387821624887374 7.107078116777599
0.0 5.381790129584386 7.842273273383466 6.362076810795752
0.0 6.075731861325313 5.479463947120084 2.4891391752418524
0.0 4.160248633302737 4.58124266173746 0.737231130688859
0.0 5.970946762786198 8.258212374836027 7.191080845444306
0.0 0.8722922475559725 9.766053061570107 2.712680193782475
0.0 1.9285360152936315 0.7322983328159882 1.9670803767574818
0.0 4.905590315421674 0.9491616580022655 9.893276178994125
0.0 7.629872652329302 2.3892018886138544 4.588810341818084
0.0 7.549085001988434 1.046443447267218 7.165202026437139
0.0 7.062373967945925 6.5305949395657485 8.733721928922684
0.0 7.569033101438931 0.07085983074995084 3.036927763607842
0.0 5.064672882762968 2.0810341839409774 1.3654459047026735
0.0 6.717736389249623 3.4156327836722333 3.848878625322658
0.0 8.920676156157322 9.1146372931312 4.463463933779773
0.0 9.481185412808491 7.784973261845945 7.151560730129316
0.0 9.838402065909515 0.7600714979473222 5.9051592213415125
0.0 2.357910261226377 3.7232323710701 3.3207991059473088
0.0 7.262692173207007 5.81507638757661 7.1866977297329635
0.0 2.0595670941822606 5.512843111630662 3.43598387682062
0.0 0.04880759893204023 9.055884440396053 8.984049450037407
0.0 6.118989677918815 2.8979805537761925 6.133853311902298
0.0 8.373202282157232 4.561597984987355 7.514721926108068
0.0 0.8370818766383159 1.7636346560675797 9.076091524528227
0.0 7.403800490004163 1.5548371048212473 7.696099021353327
0.0 0.618322263288994 1.3966555914383016 4.812436915297617
0.0 5.939033713223342 0.4225448195481374 2.358032100225005
0.0 5.326772868766202 7.33293505629005 2.129317124305601
0.0 9.915602692134781 7.328246518678406 8.624668934409645
0.0 2.100132191420825 0.8286104470143407 3.8632904764673337
0.0 5.561069160158668 0.731585793461258 3.1213184314245526
0.0 9.317037873499473 7.677185797663931 0.013528147960926162
0.0 0.429331376199249 9.233592416096648 1.1930647456068966
0.0 0.3197823700819269 1.1416114178177672 0.6617453178951271
0.0 2.2239508365478597 2.476659750982172 2.8682767380348495
0.0 5.716873581799494 1.1123284846642179 9.523639077743702
0.0 6.5240437424285656 0.8251435444086019 0.10622252570164026
0.0 6.262215247366743 5.889428409714857 4.20403637520189
0.0 0.8367037154521062 3.6830726689678404 7.8965999589017555
0.0 4.533604615686558 5.088556481691702 9.668364738079404
0.0 6.084034125040664 4.485753399538829 2.211579303884074
0.0 6.985036096047913 4.6738889589717525 3.8042369791049624
0.0 9.186010061825607 4.516755662776949 3.5482850250825826
0.0 7.965948542741402 4.834078391103628 7.926172507339024
0.0 5.035439644689363 0.1044717073552337 7.960705669408177
0.0 1.495845467881568 1.863871288419111 5.839754766098234
0.0 0.3098888124521737 3.765341629602176 1.9026549118835312
0.0 2.9331572059589694 9.139318220641734 5.763633118181613
0.0 9.377974488189098 0.2750106776497674 0.9442977560697918
0.0 2.1300726900072653 4.1409849203994415 3.6122248580253324
0.0 7.403047646266387 2.223852639392192 0.2592619169556132
0.0 8.636361583005653 6.968991478345443 0.44101386388199715
0.0 2.7138824520465454 5.577989603934215 0.7016379343355661
0.0 2.38969072426811 6.306444283331229 3.2910243360290026
0.0 8.90618689115048 6.318435158525033 4.0151027474082195
0.0 4.961145467567687 5.9430088771348855 7.249092558277113
0.0 2.9859588176138274 2.0352796704209553 4.171652187287509
0.0 4.634850472339698 5.105911591022116 7.744520548313464
0.0 4.410059122913178 3.045715736757505 5.6753409040162115
0.0 6.680755581480293 9.518182201501421 9.37782058248397
0.0 8.08376172640292 2.287653353108068 9.756204385753772
0.0 9.389596504073953 4.588848437406993 9.839561788287053
0.0 3.4210921554897222 0.9869973613692351 3.3090029350384844
0.0 8.507252529051813 3.931214406143837 1.611590347363906
0.0 9.36189628519896 2.447341155264832 5.0072875121377605
0.0 2.3294773081970166 3.7161856373136692 7.502603584496824
0.0 8.888910056878302 1.775649908789736 6.770870640237873
0.0 7.063296389737227 8.629478579304982 8.977518809907538
0.0 4.936522231905739 7.914983392541521 4.428282473222609
0.0 5.263001727348399 7.564878037624685 4.486258415973739
0.0 5.687095874754267 1.9526938254325021 8.458068341285637
0.0 7.8101467353850325 5.01959880572047 2.3422852956943574
0.0 0.8859988958298959 3.7258570520205616 7.795475563102745
0.0 3.6005307173059142 7.55018616821225 3.372946950073674
0.0 0.9670549099489789 6.639716464568199 7.254601621631779
0.0 7.867856142980639 7.904870901880312 9.759712889555102
0.0 8.178851907336535 8.203151283308452 1.759538752043368
0.0 4.9233374136879995 3.596284382522379 0.8727166827648625
0.0 8.470857442952344 3.88989688496568 9.639372173517453
0.0 9.501517262676684 1.9610662599040696 5.11541708434102
0.0 6.2870048329439125 2.846449556438148 8.277692024212152
0.0 1.3222090127071517 2.1330671441356475 9.935187935261862
0.0 2.4924531753909607 1.9470613868063358 0.6929610982034062
0.0 3.8228219567228705 2.0161860707364934 4.296487363162591
0.0 1.0144896238377554 6.471473845616787 2.655785009946489
0.0 2.1691007286304878 8.181785569026893 8.595976797103472
0.0 9.217662106500589 0.9493277594084248 9.935735717340503
0.0 9.969077741408938 0.7532451571796628 3.7333118672067767
0.0 4.081615332141627 7.642531931809488 1.6455481098873048
0.0 3.916998937565841 7.61441430707074 1.815831443345044
0.0 3.651868852788059 5.858040664104815 2.5646007153418693
0.0 1.6722178345685779 0.7461777945230585 6.717287666138224
0.0 5.451835864147949 6.402001389224454 8.145781172704686
0.0 9.392286544397026 6.931415548909248 9.846118385738436
0.0 9.260357632657024 8.57433812798066 5.727984287712484
0.0 0.7182302770715143 9.467481618946227 9.392310544562978
0.0 6.273329206232949 4.201576772470413 3.597261475553025
0.0 0.8505454554520409 2.5998308854957797 4.867171987748804
0.0 4.799741158147546 4.324831403002719 1.9884066332039585
0.0 5.3228288418337915 6.072219176046093 0.7495679659132393
0.0 0.6295593315363934 9.777889521681416 2.1396712075209
0.0 8.81087031014127 0.12839575867633624 6.796426135070879
0.0 8.609956714971867 0.45452163890636443 8.069257808211685
0.0 0.9120693302980565 7.366527676509946 9.324307803579995
0.0 8.052865738854944 8.49051191148742 2.014854609149811
0.0 2.365415198196689 4.628643517704508 9.251124086499084
0.0 4.8648135076846994 4.759214989898942 6.367159227698702
0.0 1.1970124646542746 7.409785157366464 3.599892394750288
0.0 5.952382401091441 3.3532380943211795 9.554240366455922
0.0 6.28002265307164 9.620720412565255 7.675805176779669
0.0 8.945091055208785 5.4213418654857515 9.533567238515182
0.0 8.769423135277801 0.678115232835087 3.3685872273468096
0.0 1.7423613366338708 7.639927178549963 9.379267648827321
0.0 5.758439003204636 9.28991272179669 3.6076464766315155
0.0 0.20171038415003895 5.482222037435882 4.689029364919557
0.0 6.72088628381561 2.632912774089584 5.480178200882238
0.0 8.529235515827084 1.5340905689329187 1.1721818513902271
0.0 1.236750027145923 1.284638985967449 1.9531372468563957
0.0 9.917505333616282 1.5904643015659536 3.530777378554232
0.0 6.000610404913146 3.8915992339341807 9.528645112698173
0.0 5.7255271552559694 8.816785086108453 8.540574844527235
0.0 3.0063187113363146 2.4689363011660226 1.987449482675031
0.0 0.25464651640928815 9.510323224749204 7.729100066263611
0.0 7.3775796396742175 4.988826015116068 7.08376908108381
0.0 6.905966793023266 4.050276545473785 9.102559678162955
0.0 8.83264279928009 8.802228692582654 7.563260041759774
0.0 6.390779316681812 7.555480175224959 5.580212708322304
0.0 1.9606072447819256 7.944861409647475 2.068683306457002
0.0 1.6059589753779357 6.115317830214931 6.960491087195847
0.0 7.04419148034944 2.7164348566273833 7.728670738260945
0.0 8.900457608610607 3.7328574798092973 5.89309824640493
0.0 0.2552350646404722 8.523914356549758 9.816022524683053
0.0 5.5847958256773556 0.29778544384026273 9.209653511702562
0.0 2.809424419218205 6.995238023938172 5.604262216430243
0.0 6.729465047649612 2.9377093006899258 8.535064631135818
0.0 6.699307314287206 9.168659275292034 8.204465414044066
0.0 5.335780806794568 8.395801076403377 7.044354370573189
0.0 6.501832687192922 3.232602802125389 0.9572100105911951
0.0 2.8381402533987665 7.035381985787214 7.945527800053004
0.0 4.519450214331183 7.1382491583292795 6.084104274992454
0.0 7.322696677883603 4.531362201191014 9.37737858278562
0.0 0.17198283948785642 5.457394825125733 0.43577890656624985
0.0 4.755825506289705 3.0967692257639365 6.249795065689505
0.0 4.5885647181296 5.355609146227275 1.9432192977658225
0.0 0.556813869323588 3.500891461920801 2.6797754521764228
0.0 1.202189556557326 5.458218600020376 8.89040676219498
0.0 0.8920878068192117 3.423632553944298 6.364388645157622
0.0 1.7398436151709806 4.885830494052467 9.450671726509919
0.0 2.7008997295702586 8.587007985951093 4.976460423267968
0.0 1.2135762669661143 5.727362136059848 5.607974333944355
0.0 0.49136473793710667 5.3065987143462054 2.682718405490979
0.0 2.7057060192461577 7.820990613532109 6.127274928820273
0.0 4.896459357865053 6.779214037815091 4.59913811973272
0.0 3.226931133828211 8.76499440914413 0.6237517212481614
0.0 0.5962106789355637 8.702781750704712 7.564670241776338
0.0 1.5004351830673046 7.63774629287986 6.95613839529396
0.0 8.95769997711437 1.314077907577037 5.401558200976964
0.0 0.9478998514042392 7.744532366383476 8.55090256116653
0.0 7.300334422678362 6.201623342860434 5.925953438255118
0.0 0.6532006328334372 0.8225598172301718 6.236126098267102
0.0 2.460478071927686 4.345890530998522 9.683141255173544
0.0 0.8537023440041258 3.2373598301969473 0.5803163184020699
0.0 0.9261267002164153 1.7666827998694368 7.732806205922587
0.0 0.22352743864176183 8.72543584244596 8.41420433560136
0.0 2.5767566023865673 6.396658350683677 8.045520786951617
0.0 0.5026987614194189 3.8298438528887715 9.45393004889034
0.0 5.552406214152214 2.79774879148474 9.154929255499626
0.0 0.9941753220465321 2.2065587417409094 2.0016016982407203
0.0 8.264858222805973 4.009689657903896 1.822566623986196
0.0 5.169769170335911 5.037861208277068 7.302591782936716
0.0 2.546611433325271 4.051786275101916 7.51428099630222
0.0 3.6367747228580196 3.6812421393676296 9.985339797314253
0.0 2.6230755145651607 2.7439167321760802 8.57796583444642
0.0 9.529617606063052 0.933812230223886 2.2649099643383175
0.0 5.421696532475046 1.8928726637358995 2.989636074370141
0.0 1.983459894323314 1.6471083915336104 5.390834706123461
0.0 2.8489572554151588 9.296495361741194 4.455463358517142
0.0 1.6667435138129694 6.348367824352774 6.766420042551527
0.0 9.441494313886912 3.2104169330916745 1.2965703013675234
0.0 5.813129542278692 1.6934429756099956 1.8329121381455338
0.0 4.318858112649943 4.12910593745841 8.895364586775386
0.0 3.1849726210493134 4.393957310992327 8.238794650857011
0.0 3.9393306820663163 5.151598254632935 6.259805225453652
0.0 6.773854810814649 5.346173444191221 6.011717041649112
0.0 7.812106539276428 4.498772938373028 7.396934031598427
0.0 1.6210742457124738 4.379271129333979 1.8967096352189028
0.0 8.293188329195681 9.55809792604349 9.329607669218417
0.0 0.21335059107655652 3.8929460668630766 2.166640379423063
0.0 4.851407004439561 7.256915861834062 6.609826046173367
0.0 9.736133821038692 8.943821705811937 4.965374195665284
0.0 3.916734841529773 9.67884221857991 4.666207812998277
0.0 5.777304306096969 8.561285419297144 7.495527014043758
0.0 5.515863648072276 1.180724377962612 3.0787106813885092
0.0 0.5649932378546219 6.438864999792346 2.4646191499427603
0.0 4.479041577130525 6.349611904566828 3.4259626585643757
0.0 0.6607640377241408 1.0888369936024012 2.4780670469125754
0.0 5.905273345513122 9.938854834709568 2.4437631462453355
0.0 7.3482056977286305 5.215759271736802 6.305829070184261
0.0 4.856844062964358 6.387018886640677 9.330259654059441
0.0 1.3606638680028105 9.828212481892495 0.9114170076334394
0.0 8.694103540955977 9.068820412498923 9.815709185571702
0.0 3.652601318157982 0.5550926474461049 2.0458993931905933
0.0 6.051697445666853 7.438483343886685 9.482918806445838
0.0 2.6779612078767165 6.069967421655243 1.2727339951597572
0.0 9.910837353543803 3.5563532782107634 4.397630611373024
0.0 1.1056913554659653 2.4796882039988466 1.1677820233736491
0.0 8.47041147509935 0.9614940039093267 9.72411850121765
0.0 6.555752901808881 3.245762695399619 3.767449687647544
0.0 8.213132396459665 6.757395157428951 2.21674833415078
0.0 0.22578509680639347 3.6418509181734238 1.2200797035676336
0.0 9.57065004161649 8.37457138093313 2.5686370634576794
0.0 8.115123282797267 8.089770659312162 6.10375014317781
0.0 9.501504351805139 6.491272005294693 0.0579227335850252
0.0 3.8238330599758297 0.8599931924658999 1.5485402572049234
0.0 3.914608094226315 4.728989668073619 7.973462272974925
0.0 1.9633725624263587 7.689908619241916 5.652868213979078
0.0 9.72401503965591 0.15899284915847578 1.356620136331792
0.0 2.384649536115676 1.7020375381647035 8.69018610972879
0.0 4.152185706805107 9.494462487119693 2.8145958978999506
0.0 8.499659199576504 9.651492241322913 6.211437149408773
0.0 2.1717081207151336 7.703507732483193 0.9126142682546312
0.0 6.704309547067584 8.77276333664016 2.776213437225108
0.0 0.3711005979908166 5.233632569322836 4.025135712085481
0.0 7.530985762814856 4.324421332654474 4.076291054310687
0.0 2.4493005329811823 9.12915070400611 9.826702702624651
0.0 4.867154303685169 9.059527498123504 4.502679808834972
0.0 2.6048928544758776 2.059345335327929 2.856491558930064
0.0 5.036845211828109 8.211023416380298 0.5737440085229284
0.0 4.627906817005373 2.135378137795796 5.0412397571831
0.0 8.389982694383386 3.8255559775409234 1.378393128417802
0.0 7.080792368197125 8.825331410516727 3.671852184270908
0.0 8.383737181596425 6.275199172212335 6.554515617768893
0.0 5.846334561696061 5.195311647202976 9.281298288850802
0.0 6.042642432706852 6.112269721061882 2.047302840985612
0.0 1.0179335718319238 0.995060836692806 0.06578798650810014
0.0 5.691151179525225 7.914523812820674 8.672112798188472
0.0 3.824759290552512 2.122479709560144 7.046789935578434
0.0 3.4733802360434742 7.921871277650303 8.50808658538998
0.0 3.4524204476010834 0.06517031785474581 3.926139006150903
0.0 6.38850930951553 6.83548217029737 7.506620033916718
0.0 2.38934802726802 5.819546094645389 0.5968882157106059
0.0 2.323947764395158 7.598687447885056 8.016518021323693
0.0 0.669258848977291 0.2890123134094469 9.314104403063613
0.0 2.2779455484312217 8.988022425743404 3.7774881229977
0.0 4.178671156278644 1.4906998971137142 6.5966189668654565
0.0 4.0136003432254475 9.812526440667153 9.356585644213835
0.0 4.362188426932166 5.2525064306422 2.735713536380515
0.0 1.6306960085058309 5.0691363644434615 1.0080521411245325
0.0 7.212505040727795 3.12477810061484 9.261488517200391
0.0 0.8027691748695442 5.869573560816993 2.0042318678902316
0.0 8.620960358628375 9.598622301150767 4.512626572902673
0.0 2.9952602879946646 4.896183721818625 1.0611552403966928
0.0 2.9508933102573676 1.5190761385227736 9.43954838890045
0.0 0.11632601713030155 0.8361180530323864 1.4829638684696023
0.0 8.261630365811465 9.87845870390997 2.532476705191354
0.0 0.4833840350743168 0.17919799620549126 2.95938748404291
0.0 7.856102038965115 7.514198406933884 1.1112975099912081
0.0 7.4129984339820085 6.157665098425652 9.923486022302598
0.0 5.868940125314877 3.12602593920552 9.66873073285904
0.0 8.325310504876335 9.887425546294004 5.335094572927403
0.0 8.292367537344212 0.44818588403557236 7.266352947358433
0.0 8.131639215191836 2.090756447081905 7.489886347603123
0.0 8.210887477440203 2.3104779751295723 9.607313824030955
0.0 9.448629291675822 8.508862738067329 8.72445216424567
0.0 9.858103972729669 9.113553522790385 6.031819509588276
0.0 0.42669007095063605 3.337086319654381 7.922807763978782
0.0 4.414092573064149 4.313686473350825 2.7020056586675545
0.0 0.7354502244956562 2.0425776401266216 5.726539901309074
0.0 6.942499738799909 0.7137568376344428 5.280820085825041
0.0 7.524319006197702 3.779264665609674 9.975420159243479
0.0 8.45458873191776 8.512679889856333 3.802885848724873
0.0 6.450515203050391 9.542109892528508 4.792489885075286
0.0 6.433202807297955 2.465999405668965 9.74065372471473
0.0 1.587360317808748 2.1648486684375143 5.980902656290387
0.0 7.1221799177589915 2.415621562969995 7.76186343518556
0.0 1.108254065875347 9.44426767526807 7.091428911243375
0.0 1.0740526705103404 0.5851845901418284 8.848565958681084
0.0 9.971312110556784 9.970024810110054 9.190534140425402
0.0 1.6575204608251115 5.106635133385065 5.516604439628577
0.0 3.7596806517488544 9.771147074413806 5.519066576067236
0.0 2.9815913626234414 2.409204029744738 6.269136802569656
0.0 9.685302536955314 5.496591855406027 2.85938238405804
0.0 6.7395935305175865 9.498927184028428 4.288922383283688
0.0 7.330413976269703 9.584222051406993 0.471432568906347
0.0 6.276344308207088 9.388644258541737 3.090799363782711
0.0 6.741064964258566 4.515662042801946 6.331973818693413
0.0 4.4172742552874915 0.5773004258961278 9.50597287460663
0.0 9.229005689382872 5.797864202958328 8.500396482839662
0.0 9.6696327420417 1.564390615927831 6.260024405619503
0.0 3.8796071723916272 7.468757313987771 6.593210150219777
0.0 2.9321848459888544 8.930286999854506 3.5623545741769638
0.0 2.9701356099547063 4.625669479784218 7.39925117844765
0.0 5.168939036426656 7.9944854656399835 1.79021862169366
0.0 2.90940365110242 6.371753420546405 7.900200371549787
0.0 1.171059506750891 6.928777352101475 7.488483997637847
0.0 5.020141191226125 0.5364835813110203 4.635779755063625
0.0 7.824619791958229 2.3670054373847362 8.698399920043832
0.0 6.571572364331234 1.139378619937147 7.198553785359637
0.0 8.714356579266765 8.902154363867332 5.9753804154421
0.0 6.472723294147923 7.638034373867315 5.356864118000849
0.0 3.638019342234192 8.748595263067973 4.476230190769261
0.0 9.466647787004414 5.0577481799758015 9.052080731822057
0.0 9.113869063122358 6.594589709931762 4.028259866587126
0.0 5.500571788290057 8.884593623410504 1.4328372810454804
0.0 8.385807151270674 9.06869981405664 6.192999923325418
0.0 8.134193937320367 2.5796784179652157 0.7777340788276366
0.0 0.13559909191558694 7.0532950497156275 4.781101770916437
0.0 3.8040415191976953 7.421108147005534 4.191421480054275
0.0 9.187626626060121 1.5274206414333724 3.0566760565054905
0.0 6.870648500755686 9.502287024475205 6.378014801685671
0.0 9.24518338093318 1.9071633945360433 2.7016239104136233
0.0 8.490896977902064 1.7297538254400247 0.6102307898799009
0.0 3.153906533156973 7.64031296671557 6.425139817239934
0.0 8.302423658270673 5.908658158138636 6.700955579411936
0.0 5.591661106187708 4.738377202417368 4.550857812357952
0.0 9.971540182376025 2.035884617288076 5.79346513422683
0.0 3.3979566500071288 5.096334262046937 1.8632563747727238
0.0 6.100436967569034 6.0151090439908215 3.03319054370201
0.0 1.161404849924632 6.931198831582925 2.0337898868269235
0.0 6.542021460543095 9.658859361379266 3.5525556833385896
0.0 2.0812295116147173 4.00554228934049 4.882432308473225
0.0 1.528878737594458 6.262868323073273 2.0445050646143748
0.0 3.627541172547887 2.001298319598063 5.087294841544372
0.0 7.352529063723059 3.659250227429869 1.842166171699563
0.0 2.982898310481703 5.451032148302412 7.47783820714358
0.0 5.765169392956779 3.62773299874232 1.6526514959971106
0.0 1.7112044669656779 3.9656219877914243 3.1988565880157402
0.0 7.4219377413274685 0.23745059017985182 0.6720952890054999
0.0 2.3446689769239324 3.5349919571850896 6.494480578499491
0.0 6.1096954186519215 0.19354731123602864 9.965110812448874
0.0 0.5994890150797971 6.806931956621098 4.034333908161774
0.0 1.2593931591201424 9.879710884065249 6.922265429783545
0.0 6.439003714199297 5.321651814016169 7.206832581103609
0.0 6.32305870307269 7.545100182203541 2.9798651702612613
0.0 0.13097216317328186 9.518802557070101 3.975297130314963
0.0 5.491794055538558 5.226157120680982 3.2321213891203646
0.0 7.443705395063641 7.2302821824884855 6.287738452419384
0.0 9.385209852218049 5.483315837816873 1.190142584901629
0.0 2.063202191313258 4.585988211539014 3.9262263445736414
0.0 5.671431890347733 9.051349179011774 6.817408004682557
0.0 5.778075636714082 1.5192981511931813 7.570832874022545
0.0 4.96497861554362 3.950366712015516 0.6384799344328917
0.0 4.777558251056955 7.061725424698516 5.949126336511725
0.0 8.1509286449464 6.601464031471992 8.686431430274903
0.0 7.065622255226119 2.5279115998225086 1.6767224631293554
0.0 3.8201570895218673 4.874613304851079 0.30334717060615524
0.0 4.2554065204957165 6.647669268048817 1.9178821604078211
0.0 4.563013742799351 9.82319580854131 4.284553906076971
0.0 5.335561609121085 9.304662499787929 6.6766983182968165
0.0 7.217428037243621 1.9050326877137291 4.976959360287571
0.0 9.075490217506614 6.363804380458625 4.456938995464058
0.0 4.030564263884806 2.747984899929313 3.0898076409525332
0.0 0.9601239185107746 9.15255740270675 1.5087637246787111
0.0 1.2680734022224793 0.7020676959194094 1.0058020035753201
0.0 4.53600847356123 8.514813232816339 2.938663429709134
0.0 6.757729425113657 7.461202471215507 7.114158220278944
0.0 2.146939296471343 5.4584254256765385 6.8392710816868805
0.0 3.819542580623305 0.586596287450939 1.4157769439297296
0.0 6.795855980229884 1.7160251517256198 3.2610019861921513
0.0 2.1158447613778097 8.689432441384263 6.6340871954572584
0.0 2.5655388363312293 2.9495008706076717 9.479487714935368
0.0 5.224589559124935 9.920979859170844 7.031775372549893
0.0 2.1580059671637475 1.736207172823716 9.511823068740902
0.0 4.738236517006143 2.080006989362767 5.780802563056247
0.0 4.884285319274295 4.233127511821633 6.319915265114236
0.0 3.9288436037388133 2.605919572045261 1.2268654693201664
0.0 9.284040441161107 3.8461035236761845 8.448590294400951
0.0 3.475906649717607 6.7254728282594485 0.8645296197980368
0.0 0.6287972537982067 3.1258677508303636 2.0362096578993585
0.0 3.3743048128545237 1.5241167887336082 7.899183858938618
0.0 3.2323452334872806 5.2307637066920645 3.9817840429095988
0.0 0.341477432963847 6.401673240888051 0.4889709653574581
0.0 0.8452095739248777 2.866200104456503 1.5490644092965111
0.0 8.210407616785416 6.646492801936105 5.175001464145364
0.0 9.753499376396642 2.830349864454611 8.547753112343793
0.0 9.781667729301255 6.341651584403802 8.631170503568482
0.0 9.561371209489202 0.830367781657938 3.3864302530237964
0.0 5.235926171554501 0.8389963328810168 1.1743290359042102
0.0 6.254911772821712 4.718243918278606 1.3914406674945556
0.0 2.768962103462609 3.1585988071609683 9.918652047541636
0.0 2.9863474269469146 5.833838009590102 3.699965479956473
0.0 7.864146683797567 5.167787239127355 2.9508186456326224
0.0 2.262763829172225 1.8069236617863638 0.35169967745676156
0.0 5.291024860564345 4.759576900946591 0.32984629777791374
0.0 1.773364531257231 9.501224236857485 2.7286242847597606
0.0 2.210361740250338 7.697853096140537 5.430606078227052
0.0 7.062843135122623 1.291215507576472 3.7516735388840816
0.0 6.8418018952361095 4.757773147190947 6.475460252816171
0.0 1.4935929564773809 9.525405709130455 5.980806146500779
0.0 8.144888846302305 5.41488093002037 3.8251322212273644
0.0 5.492857778838265 3.7951672282111892 2.443988134947037
0.0 1.4811451134873743 1.9945507275920327 2.4875821684000208
0.0 7.727937584751562 9.911979342529513 1.3225051460512416
0.0 9.836457102788085 7.972471316473815 0.5808683271577497
0.0 4.587348333794225 2.682934982186709 8.9452619216683
0.0 1.9301811803671642 0.32357734118976356 5.349959709119478
0.0 6.8812642002728115 1.5180631897472863 0.5124138454449256
0.0 7.429940182385291 4.476547068687178 6.454266079091461
0.0 3.9423181545295094 6.425706726279483 0.9167101345029727
0.0 6.007540969902667 6.787833262157426 7.24702433283389
0.0 1.9582593171801421 5.3448619015656025 9.515953711177291
0.0 4.5590595801822085 0.4660760493380245 4.763137554163866
0.0 1.2702273748608484 3.2858382595365776 0.007385053784213502
0.0 4.486955385410521 7.736309480328931 7.190879988379333
0.0 4.112386936423712 1.1312990049637672 6.158713666997668
0.0 5.388822817868637 1.633992491224494 8.26606763906538
0.0 1.6570071935481556 1.8860063181227837 4.273854669826581
0.0 0.16961239346726997 2.280728137538408 3.804611158723655
0.0 5.789168745283412 4.82140692549896 6.345802563788784
0.0 9.814098069681782 3.6544649379833816 9.459345234380745
0.0 4.511269967819023 1.4753318358749257 3.0248967166040064
0.0 9.615062451858273 0.7836277143677206 6.696911132179628
0.0 9.732282517134392 0.4410583772317145 1.1771316934361997
0.0 6.309871620646865 3.742430759838303 7.35629800321044
0.0 6.111899284116874 1.8860654533872312 7.012040369383287
0.0 1.5623493482561102 2.797677132653881 5.3571643778257085
0.0 0.00573746147371379 4.820014130553187 6.829657086496943
0.0 8.735370378441976 9.268571678279777 7.026795244223953
0.0 8.013729807062013 5.293566135503878 4.39656207347044
0.0 9.598435272558428 4.042092724279295 1.9317654991328226
0.0 6.5076508266082485 7.43315194882336 7.056133882423403
0.0 6.138379797060848 1.8876829752351043 2.32508776450942
0.0 2.362034453189178 9.948943833342154 3.8708033978541234
0.0 1.0938766122653543 5.605550737978737 7.611592235678132
0.0 3.210918212836461 2.4101308508430472 4.565945088413294
0.0 3.287718231023317 2.210647406235091 7.322031580339723
0.0 4.395054160721105 0.04788401584153723 0.6964434332503722
0.0 9.826102258915167 0.6060036432075189 1.6671929834269783
0.0 2.563331871739175 5.475637235125004 2.407083622125609
0.0 4.280978878070877 0.05998787024311114 7.983140971941208
0.0 0.07982458778135637 5.830802649542336 9.244628761074905
0.0 6.048531859077056 4.016322880676321 7.412389878569004
0.0 4.114468519244028 5.232750621375102 9.759383406038173
0.0 2.1312840252740264 8.796248955829741 2.5968032279844877
0.0 2.9300625481123066 3.878629245524572 6.882623569881212
0.0 5.039165168103268 0.2807079262832268 0.5586384264433664
0.0 4.50893700214328 5.789853993323089 8.277611106020178
0.0 3.730941749486798 9.087211566524694 7.357380069199319
0.0 8.595899409612768 9.375152222791542 8.748912397464995
0.0 3.3751636968524092 0.7003157674096838 2.5416255948085995
0.0 8.495335055830807 6.256910078075542 5.2890438406717095
0.0 2.0215330175908006 7.8142177566384765 2.3458094034808195
0.0 8.793756701324346 9.851002045186698 1.0934533289871473
0.0 1.3303376943407164 8.357579565161515 4.4582287394890185
0.0 6.547536024946449 2.0998065286434855 8.753676387652675
0.0 5.569097119742784 1.5696459233781435 2.9257146777990095
0.0 7.560679260094185 3.605988605815582 2.432041029166302
0.0 9.880336093050545 2.577205906558416 6.246099180377588
0.0 4.079689628725544 3.741876843103408 5.936212157656606
0.0 0.04973016923594753 1.3968422676716474 2.285915138172536
0.0 2.6709544745495584 5.6256503079180655 6.773511183964491
0.0 1.8257386473177584 7.587847861442395 0.6697743127092637
0.0 0.058585771938093334 9.139577801919039 3.2175175495994157
0.0 6.395040428690187 6.058579974531377 2.5106259242557205
0.0 3.343864323154219 9.364510989026062 1.6257775284241838
0.0 8.506128034708546 1.151974064170449 2.5463608224388468
0.0 9.076798967516472 9.334712309275234 8.389221691062785
0.0 6.528558389444289 5.192385854261827 4.146524228322347
0.0 2.099929822187695 4.262684557617017 5.371461398107148
0.0 6.478620465111627 8.472466162947379 0.45047751813683923
0.0 0.647290780349129 9.198462325675864 9.128670689772493
0.0 9.743330112436691 1.2208330093966246 7.76124985263184
0.0 3.7890247352402904 6.29410478246302 3.9261397410063594
0.0 2.372215523231872 4.662989991858187 0.8822789314533797
0.0 2.61492206907186 9.732896999970313 2.142454906594212
0.0 0.8275655443526009 9.832173078933824 5.450797506718068
0.0 8.41725098778366 2.213801313431513 5.352000019793511
0.0 8.904725022040001 5.485209408031054 3.564030870285869
0.0 2.1525818683820086 3.3835074063792248 6.6952463792947885
0.0 5.039358623547763 3.2314383395428847 5.653650951582245
0.0 6.440482476582876 7.478279605594439 3.2969605966972946
0.0 0.7619230398973587 0.9094181827412584 1.149841217568598
0.0 7.819417241685632 9.841709049359316 3.906695136880194
0.0 4.963128681118522 8.184416834624596 0.9674008527275779
0.0 5.67100222857884 3.0572071653326316 5.764075739834798
0.0 5.688954407822412 9.346186231115727 7.189794746520866
0.0 9.605900212012777 6.77914890046562 9.302655330052312
0.0 0.14958138469154503 2.1366626560707127 5.938970305771113
0.0 7.859669567565307 7.536247728613093 4.788315437007441
0.0 3.731932549593422 2.125133034953638 2.6838806457691398
0.0 0.7752495294326511 7.856038636448128 0.6480201282979281
0.0 2.2476215696630186 5.386976981511128 0.012476931538788483
0.0 0.3695751827667204 8.030024578232958 5.107570442163575
0.0 6.093038878242075 7.962952313959832 3.992741626451587
0.0 5.632974268814879 9.183628434098686 6.06696621251786
0.0 6.080795086699967 5.42955083820997 9.969137836168525
0.0 4.148151005596254 6.480833314495749 5.862004464640563
0.0 4.5253366574590075 5.766329902334839 3.2414112360107197
0.0 1.1160853595691067 5.196330482401516 8.872421625145373
0.0 0.8024751289904175 1.1512379077017842 6.281520534470674
0.0 3.4332221332724666 6.91287389036062 8.740632660944401
0.0 2.5938967317289165 1.1564157277371645 6.658855038950379
0.0 7.290778421923411 5.601881607036844 5.380084264133994
0.0 4.88315096781882 9.580181640365751 8.829835597790943
0.0 5.294502554262622 4.143396440843334 8.81628138575916
0.0 1.467724507486573 7.580019145224247 6.54026005291497
0.0 2.4821603989967986 6.728339256295256 0.2733407676660704
0.0 4.239815424909774 6.329290683160186 9.39085024449293
0.0 8.215551985234892 5.321314087923739 0.5698436343847069
0.0 5.182369429643373 6.788718938780888 8.700669207467351
0.0 2.8318580821863626 3.174581820870274 0.8139402598660583
0.0 4.311590387300207 2.762824043427312 1.2103998857605691
0.0 8.462225189143254 2.4704621762612233 1.3020080284583735
0.0 3.52598755929126 5.820593013739549 9.40768757830895
0.0 3.5891102193416122 9.196384857860762 6.359306584483009
0.0 4.317368880617418 8.236608493715828 9.808362333810553
0.0 0.9621629246440477 6.95883138285219 7.265412223065892
0.0 4.852018891572096 8.410285466354553 3.837638550815501
0.0 0.3882124313014723 3.7230305186138626 3.2508746854171697
0.0 5.300392129906266 4.522179623059417 3.940348149672155
